        1	2025-01-14 10:55:36	2	0	1	0
        1	2025-01-14 11:03:56	2	0	1	0
        1	2025-01-14 11:11:14	2	0	1	0
        1	2025-01-14 11:11:17	2	0	1	0
        1	2025-01-14 11:11:24	2	0	1	0
        1	2025-01-14 11:26:02	2	0	1	0
        1	2025-01-14 11:26:06	2	0	1	0
        1	2025-01-14 11:26:08	2	0	1	0
        1	2025-01-14 11:26:16	2	0	1	0
        1	2025-01-14 11:46:44	2	0	1	0
        1	2025-01-14 11:46:49	2	0	1	0
        1	2025-01-14 11:46:54	2	0	1	0
        2	2025-01-14 11:48:34	2	0	1	0
        2	2025-01-14 11:48:42	2	0	1	0
        2	2025-01-14 11:48:46	2	0	1	0
        2	2025-01-15 19:09:30	2	0	1	0
        6	2025-01-16 07:59:15	2	0	1	0
        7	2025-01-16 07:59:27	2	0	1	0
        5	2025-01-16 08:18:54	2	0	1	0
        3	2025-01-16 08:29:40	2	0	1	0
        4	2025-01-16 08:40:13	2	0	1	0
        4	2025-01-16 08:40:20	2	0	1	0
        2	2025-01-16 08:47:39	2	0	1	0
        1	2025-01-18 08:01:09	2	0	1	0
        5	2025-01-18 08:19:19	2	0	1	0
        6	2025-01-18 08:20:48	2	0	1	0
        3	2025-01-18 08:26:51	2	0	1	0
        2	2025-01-18 08:48:07	2	0	1	0
        4	2025-01-18 08:48:58	2	0	1	0
        6	2025-01-18 17:10:10	2	0	1	0
        2	2025-01-18 18:11:29	2	0	1	0
        3	2025-01-18 19:03:34	2	0	1	0
        4	2025-01-18 20:37:04	2	0	1	0
        4	2025-01-19 07:43:56	2	0	1	0
        9	2025-01-19 08:17:10	2	0	1	0
        5	2025-01-19 08:20:31	2	0	1	0
        3	2025-01-19 08:23:24	2	0	1	0
       10	2025-01-19 08:26:09	2	0	1	0
        6	2025-01-19 08:32:42	2	0	1	0
        2	2025-01-19 09:47:14	2	0	1	0
        3	2025-01-19 17:11:44	2	0	1	0
        2	2025-01-19 18:46:07	2	0	1	0
        4	2025-01-19 18:47:02	2	0	1	0
       10	2025-01-19 18:51:59	2	0	1	0
        4	2025-01-20 07:24:42	2	0	1	0
        1	2025-01-20 08:02:45	2	0	1	0
        6	2025-01-20 08:12:22	2	0	1	0
       10	2025-01-20 08:12:38	2	0	1	0
        5	2025-01-20 08:26:19	2	0	1	0
        3	2025-01-20 08:27:01	2	0	1	0
        9	2025-01-20 08:49:10	2	0	1	0
        3	2025-01-20 17:23:18	2	0	1	0
       10	2025-01-20 17:23:38	2	0	1	0
        9	2025-01-20 17:23:51	2	0	1	0
        4	2025-01-20 18:19:22	2	0	1	0
        4	2025-01-21 07:21:46	2	0	1	0
        6	2025-01-21 08:14:02	2	0	1	0
        9	2025-01-21 08:14:10	2	0	1	0
       10	2025-01-21 08:16:04	2	0	1	0
        5	2025-01-21 08:25:58	2	0	1	0
        3	2025-01-21 08:29:31	2	0	1	0
        2	2025-01-21 08:55:51	2	0	1	0
        3	2025-01-21 17:01:57	2	0	1	0
        2	2025-01-21 17:03:12	2	0	1	0
        6	2025-01-21 21:01:28	2	0	1	0
       10	2025-01-21 21:01:47	2	0	1	0
        5	2025-01-21 21:02:16	2	0	1	0
        9	2025-01-21 21:02:34	2	0	1	0
        4	2025-01-21 21:04:33	2	0	1	0
        4	2025-01-22 07:19:52	2	0	1	0
        6	2025-01-22 08:15:58	2	0	1	0
       10	2025-01-22 08:16:34	2	0	1	0
        3	2025-01-22 08:21:58	2	0	1	0
        5	2025-01-22 08:25:49	2	0	1	0
        9	2025-01-22 08:30:43	2	0	1	0
        6	2025-01-22 19:18:32	2	0	1	0
       10	2025-01-22 19:38:40	2	0	1	0
        9	2025-01-22 19:38:52	2	0	1	0
        3	2025-01-22 19:39:39	2	0	1	0
        4	2025-01-22 19:47:46	2	0	1	0
        4	2025-01-23 07:30:26	2	0	1	0
        6	2025-01-23 08:10:57	2	0	1	0
        3	2025-01-23 08:23:21	2	0	1	0
       10	2025-01-23 08:23:54	2	0	1	0
        9	2025-01-23 08:26:14	2	0	1	0
        5	2025-01-23 08:33:32	2	0	1	0
        3	2025-01-23 17:54:47	2	0	1	0
        9	2025-01-23 17:55:14	2	0	1	0
       10	2025-01-23 17:59:28	2	0	1	0
        4	2025-01-23 20:53:05	2	0	1	0
        1	2025-01-23 20:53:13	2	0	1	0
        4	2025-01-25 07:41:01	2	0	1	0
       10	2025-01-25 07:52:12	2	0	1	0
        9	2025-01-25 08:00:05	2	0	1	0
       11	2025-01-25 08:11:44	2	0	1	0
        3	2025-01-25 08:26:12	2	0	1	0
        5	2025-01-25 08:33:47	2	0	1	0
        3	2025-01-25 10:53:30	2	0	1	0
        5	2025-01-25 19:25:19	2	0	1	0
       11	2025-01-25 19:29:02	2	0	1	0
        4	2025-01-25 19:29:52	2	0	1	0
       10	2025-01-25 19:29:59	2	0	1	0
        9	2025-01-25 19:30:30	2	0	1	0
        4	2025-01-26 07:50:42	2	0	1	0
        9	2025-01-26 07:53:35	2	0	1	0
       10	2025-01-26 07:56:26	2	0	1	0
        5	2025-01-26 08:10:49	2	0	1	0
        3	2025-01-26 08:35:01	2	0	1	0
       11	2025-01-26 08:53:13	2	0	1	0
        3	2025-01-26 17:06:08	2	0	1	0
        9	2025-01-26 17:53:28	2	0	1	0
       11	2025-01-26 17:53:39	2	0	1	0
       10	2025-01-26 17:53:55	2	0	1	0
        5	2025-01-26 18:07:23	2	0	1	0
        4	2025-01-26 18:07:53	2	0	1	0
        4	2025-01-27 07:15:22	2	0	1	0
       10	2025-01-27 07:47:32	2	0	1	0
       11	2025-01-27 08:09:15	2	0	1	0
        5	2025-01-27 08:17:33	2	0	1	0
        6	2025-01-27 08:23:18	2	0	1	0
        3	2025-01-27 08:24:50	2	0	1	0
        9	2025-01-27 08:32:18	2	0	1	0
        5	2025-01-27 17:08:11	2	0	1	0
        9	2025-01-27 17:12:33	2	0	1	0
       10	2025-01-27 17:12:59	2	0	1	0
        3	2025-01-27 17:25:38	2	0	1	0
        4	2025-01-27 17:33:54	2	0	1	0
        4	2025-01-28 07:08:01	2	0	1	0
       10	2025-01-28 07:43:56	2	0	1	0
       11	2025-01-28 08:03:47	2	0	1	0
        9	2025-01-28 08:21:26	2	0	1	0
        6	2025-01-28 08:21:29	2	0	1	0
        3	2025-01-28 08:27:29	2	0	1	0
        9	2025-01-28 18:03:28	2	0	1	0
       11	2025-01-28 20:45:12	2	0	1	0
        3	2025-01-28 20:45:23	2	0	1	0
       10	2025-01-28 20:45:44	2	0	1	0
        4	2025-01-28 20:46:27	2	0	1	0
        4	2025-01-29 07:43:47	2	0	1	0
       10	2025-01-29 07:44:04	2	0	1	0
       11	2025-01-29 08:03:41	2	0	1	0
        6	2025-01-29 08:13:12	2	0	1	0
        9	2025-01-29 08:13:26	2	0	1	0
        3	2025-01-29 08:26:06	2	0	1	0
        5	2025-01-29 08:39:46	2	0	1	0
        5	2025-01-29 17:10:23	2	0	1	0
       11	2025-01-29 17:17:33	2	0	1	0
        9	2025-01-29 20:11:12	2	0	1	0
       10	2025-01-29 20:14:45	2	0	1	0
        6	2025-01-29 20:15:10	2	0	1	0
        3	2025-01-29 20:15:44	2	0	1	0
        4	2025-01-29 20:15:51	2	0	1	0
       10	2025-01-30 07:37:34	2	0	1	0
        4	2025-01-30 07:38:21	2	0	1	0
        9	2025-01-30 07:52:11	2	0	1	0
        3	2025-01-30 07:56:25	2	0	1	0
       11	2025-01-30 08:07:00	2	0	1	0
        6	2025-01-30 08:28:40	2	0	1	0
        5	2025-01-30 08:37:45	2	0	1	0
        4	2025-01-30 20:05:44	2	0	1	0
        4	2025-02-01 07:45:44	2	0	1	0
       10	2025-02-01 08:04:13	2	0	1	0
        3	2025-02-01 08:04:58	2	0	1	0
       11	2025-02-01 08:05:32	2	0	1	0
        6	2025-02-01 08:15:09	2	0	1	0
        5	2025-02-01 08:32:33	2	0	1	0
        3	2025-02-01 17:12:28	2	0	1	0
        6	2025-02-01 18:02:03	2	0	1	0
       11	2025-02-01 18:05:19	2	0	1	0
       10	2025-02-01 18:08:02	2	0	1	0
        6	2025-02-01 18:13:05	2	0	1	0
        4	2025-02-01 18:25:04	2	0	1	0
        4	2025-02-02 07:12:24	2	0	1	0
       10	2025-02-02 07:51:19	2	0	1	0
        9	2025-02-02 07:51:52	2	0	1	0
        3	2025-02-02 07:59:10	2	0	1	0
        6	2025-02-02 08:02:53	2	0	1	0
       11	2025-02-02 08:17:37	2	0	1	0
       10	2025-02-02 17:13:36	2	0	1	0
        9	2025-02-02 17:14:35	2	0	1	0
       11	2025-02-02 17:16:54	2	0	1	0
        2	2025-02-02 17:24:45	2	0	1	0
        6	2025-02-02 17:55:38	2	0	1	0
        4	2025-02-02 20:25:19	2	0	1	0
        4	2025-02-03 07:20:41	2	0	1	0
        9	2025-02-03 07:45:45	2	0	1	0
        3	2025-02-03 07:57:31	2	0	1	0
       13	2025-02-03 07:57:37	2	0	1	0
       11	2025-02-03 08:02:00	2	0	1	0
       12	2025-02-03 08:02:34	2	0	1	0
        6	2025-02-03 08:06:05	2	0	1	0
       10	2025-02-03 08:09:31	2	0	1	0
        3	2025-02-03 17:21:09	2	0	1	0
        4	2025-02-03 21:00:24	2	0	1	0
       11	2025-02-03 21:04:14	2	0	1	0
        9	2025-02-03 21:04:53	2	0	1	0
       12	2025-02-03 21:05:04	2	0	1	0
       10	2025-02-03 21:12:17	2	0	1	0
        6	2025-02-03 21:12:25	2	0	1	0
       14	2025-02-03 21:15:57	2	0	1	0
        4	2025-02-04 07:12:06	2	0	1	0
       13	2025-02-04 07:48:32	2	0	1	0
       10	2025-02-04 07:53:06	2	0	1	0
        9	2025-02-04 08:06:32	2	0	1	0
        6	2025-02-04 08:08:26	2	0	1	0
       12	2025-02-04 08:10:53	2	0	1	0
        3	2025-02-04 08:58:33	2	0	1	0
       14	2025-02-04 09:17:02	2	0	1	0
        3	2025-02-04 15:29:03	2	0	1	0
        9	2025-02-04 17:18:46	2	0	1	0
       13	2025-02-04 17:18:56	2	0	1	0
       10	2025-02-04 17:21:58	2	0	1	0
       12	2025-02-04 17:24:14	2	0	1	0
        6	2025-02-04 17:27:21	2	0	1	0
        6	2025-02-04 17:36:11	2	0	1	0
       14	2025-02-04 18:55:11	2	0	1	0
        4	2025-02-04 18:55:33	2	0	1	0
        4	2025-02-05 07:22:58	2	0	1	0
       10	2025-02-05 07:50:35	2	0	1	0
        3	2025-02-05 07:50:40	2	0	1	0
       11	2025-02-05 07:58:00	2	0	1	0
       13	2025-02-05 07:59:00	2	0	1	0
       13	2025-02-05 07:59:09	2	0	1	0
        9	2025-02-05 08:00:42	2	0	1	0
       12	2025-02-05 08:10:26	2	0	1	0
        6	2025-02-05 08:13:12	2	0	1	0
        3	2025-02-05 17:37:28	2	0	1	0
        9	2025-02-05 20:57:54	2	0	1	0
        4	2025-02-05 21:00:06	2	0	1	0
       10	2025-02-05 21:00:10	2	0	1	0
        6	2025-02-05 21:05:32	2	0	1	0
       12	2025-02-05 21:06:07	2	0	1	0
       14	2025-02-05 21:10:10	2	0	1	0
        4	2025-02-06 07:05:02	2	0	1	0
       13	2025-02-06 07:49:38	2	0	1	0
       13	2025-02-06 07:49:43	2	0	1	0
       10	2025-02-06 07:55:34	2	0	1	0
        3	2025-02-06 08:01:37	2	0	1	0
        6	2025-02-06 08:07:47	2	0	1	0
        9	2025-02-06 08:09:37	2	0	1	0
       12	2025-02-06 08:14:58	2	0	1	0
       11	2025-02-06 08:23:25	2	0	1	0
        4	2025-02-06 16:47:40	2	0	1	0
        6	2025-02-06 17:50:07	2	0	1	0
       12	2025-02-06 17:57:20	2	0	1	0
       12	2025-02-06 17:57:22	2	0	1	0
        9	2025-02-06 19:44:33	2	0	1	0
        3	2025-02-06 21:47:23	2	0	1	0
       10	2025-02-07 12:50:46	2	0	1	0
        3	2025-02-07 12:50:53	2	0	1	0
        4	2025-02-07 12:51:01	2	0	1	0
       10	2025-02-07 18:40:02	2	0	1	0
        3	2025-02-07 20:08:06	2	0	1	0
        4	2025-02-07 20:08:11	2	0	1	0
        4	2025-02-08 07:14:14	2	0	1	0
       13	2025-02-08 07:44:41	2	0	1	0
       13	2025-02-08 07:44:43	2	0	1	0
        9	2025-02-08 07:53:49	2	0	1	0
       16	2025-02-08 07:53:56	2	0	1	0
       10	2025-02-08 08:21:08	2	0	1	0
       11	2025-02-08 08:23:34	2	0	1	0
       12	2025-02-08 08:23:38	2	0	1	0
       14	2025-02-08 10:41:35	2	0	1	0
       10	2025-02-08 17:08:31	2	0	1	0
       13	2025-02-08 17:11:51	2	0	1	0
       13	2025-02-08 17:11:58	2	0	1	0
       12	2025-02-08 17:14:14	2	0	1	0
       16	2025-02-08 18:40:51	2	0	1	0
        9	2025-02-08 20:45:54	2	0	1	0
        4	2025-02-08 21:00:24	2	0	1	0
       14	2025-02-08 21:05:01	2	0	1	0
        4	2025-02-09 07:08:23	2	0	1	0
       10	2025-02-09 07:40:35	2	0	1	0
       16	2025-02-09 08:03:10	2	0	1	0
       11	2025-02-09 08:08:47	2	0	1	0
       13	2025-02-09 08:08:52	2	0	1	0
       13	2025-02-09 08:08:55	2	0	1	0
       12	2025-02-09 08:12:44	2	0	1	0
        6	2025-02-09 08:18:05	2	0	1	0
       15	2025-02-09 08:24:55	2	0	1	0
        9	2025-02-09 08:27:39	2	0	1	0
        3	2025-02-09 08:28:57	2	0	1	0
       14	2025-02-09 17:06:25	2	0	1	0
        9	2025-02-09 17:08:44	2	0	1	0
       16	2025-02-09 17:11:23	2	0	1	0
       12	2025-02-09 17:15:41	2	0	1	0
       13	2025-02-09 17:15:46	2	0	1	0
       13	2025-02-09 17:16:08	2	0	1	0
       11	2025-02-09 17:16:17	2	0	1	0
       15	2025-02-09 17:16:23	2	0	1	0
        3	2025-02-09 17:18:59	2	0	1	0
       10	2025-02-09 17:19:41	2	0	1	0
        4	2025-02-09 17:55:54	2	0	1	0
        4	2025-02-10 07:02:54	2	0	1	0
       16	2025-02-10 07:57:37	2	0	1	0
       13	2025-02-10 07:57:56	2	0	1	0
       13	2025-02-10 07:57:59	2	0	1	0
       15	2025-02-10 07:58:37	2	0	1	0
       12	2025-02-10 08:11:55	2	0	1	0
        9	2025-02-10 08:19:35	2	0	1	0
       11	2025-02-10 08:20:04	2	0	1	0
        3	2025-02-10 08:28:42	2	0	1	0
       10	2025-02-10 08:30:57	2	0	1	0
        6	2025-02-10 08:34:12	2	0	1	0
       14	2025-02-10 12:17:03	2	0	1	0
       13	2025-02-10 17:23:15	2	0	1	0
       13	2025-02-10 17:23:24	2	0	1	0
       15	2025-02-10 18:04:14	2	0	1	0
       14	2025-02-10 18:19:19	2	0	1	0
        6	2025-02-10 18:19:25	2	0	1	0
       11	2025-02-10 18:22:23	2	0	1	0
       12	2025-02-10 18:22:32	2	0	1	0
       12	2025-02-10 18:22:59	2	0	1	0
        9	2025-02-10 18:24:21	2	0	1	0
        4	2025-02-10 18:29:48	2	0	1	0
        3	2025-02-10 18:32:26	2	0	1	0
       10	2025-02-10 18:32:41	2	0	1	0
        4	2025-02-11 06:54:48	2	0	1	0
       13	2025-02-11 07:52:08	2	0	1	0
       13	2025-02-11 07:52:11	2	0	1	0
       16	2025-02-11 08:04:15	2	0	1	0
       15	2025-02-11 08:04:19	2	0	1	0
       12	2025-02-11 08:16:11	2	0	1	0
       11	2025-02-11 08:16:16	2	0	1	0
        3	2025-02-11 08:22:59	2	0	1	0
        6	2025-02-11 08:30:40	2	0	1	0
       14	2025-02-11 08:41:28	2	0	1	0
       10	2025-02-11 08:47:22	2	0	1	0
        3	2025-02-11 17:16:26	2	0	1	0
       16	2025-02-11 17:16:35	2	0	1	0
        4	2025-02-11 17:17:46	2	0	1	0
       11	2025-02-11 17:18:10	2	0	1	0
       15	2025-02-11 17:23:56	2	0	1	0
       12	2025-02-11 17:24:20	2	0	1	0
        6	2025-02-11 17:26:07	2	0	1	0
       14	2025-02-11 18:08:28	2	0	1	0
       10	2025-02-11 19:29:31	2	0	1	0
        4	2025-02-12 06:57:30	2	0	1	0
        9	2025-02-12 07:51:01	2	0	1	0
       16	2025-02-12 08:01:15	2	0	1	0
       13	2025-02-12 08:01:58	2	5	1	0
       13	2025-02-12 08:02:00	2	5	1	0
       12	2025-02-12 08:16:42	2	0	1	0
       10	2025-02-12 08:24:20	2	0	1	0
        3	2025-02-12 08:24:29	2	0	1	0
        6	2025-02-12 08:26:04	2	0	1	0
       11	2025-02-12 09:22:40	2	0	1	0
       14	2025-02-12 10:11:07	2	0	1	0
        9	2025-02-12 17:13:54	2	0	1	0
       12	2025-02-12 17:13:59	2	0	1	0
       13	2025-02-12 17:14:24	2	0	1	0
       13	2025-02-12 17:14:27	2	0	1	0
       11	2025-02-12 17:15:35	2	0	1	0
       16	2025-02-12 17:17:07	2	0	1	0
        6	2025-02-12 17:17:37	2	0	1	0
        3	2025-02-12 18:29:08	2	0	1	0
        4	2025-02-12 18:57:10	2	0	1	0
        9	2025-02-12 22:15:08	2	0	1	0
        6	2025-02-12 22:19:05	2	0	1	0
       14	2025-02-12 22:19:51	2	0	1	0
        6	2025-02-12 22:55:14	2	0	1	0
       16	2025-02-13 08:01:22	2	0	1	0
       11	2025-02-13 08:01:49	2	0	1	0
        4	2025-02-13 08:02:05	2	0	1	0
        6	2025-02-13 08:02:12	2	0	1	0
       10	2025-02-13 08:02:20	2	0	1	0
       12	2025-02-13 08:06:40	2	0	1	0
       13	2025-02-13 08:06:51	2	0	1	0
       13	2025-02-13 08:07:14	2	0	1	0
        3	2025-02-13 08:22:29	2	0	1	0
       14	2025-02-13 08:47:51	2	0	1	0
        9	2025-02-13 08:47:57	2	0	1	0
       11	2025-02-13 17:10:48	2	0	1	0
       13	2025-02-13 17:30:43	2	0	1	0
       13	2025-02-13 17:31:03	2	0	1	0
       10	2025-02-13 18:26:48	2	0	1	0
        9	2025-02-13 21:31:17	2	0	1	0
        4	2025-02-13 21:43:41	2	0	1	0
        6	2025-02-13 21:43:45	2	0	1	0
        4	2025-02-15 07:19:59	2	0	1	0
       13	2025-02-15 07:54:57	2	4	1	0
       13	2025-02-15 07:55:00	2	4	1	0
        9	2025-02-15 07:55:36	2	0	1	0
       16	2025-02-15 07:55:43	2	0	1	0
       10	2025-02-15 07:55:53	2	0	1	0
        3	2025-02-15 08:00:09	2	0	1	0
       11	2025-02-15 08:07:24	2	0	1	0
        6	2025-02-15 08:13:10	2	0	1	0
       12	2025-02-15 08:16:07	2	0	1	0
       12	2025-02-15 17:03:25	2	0	1	0
       12	2025-02-15 17:03:52	2	0	1	0
       13	2025-02-15 17:13:26	2	0	1	0
       10	2025-02-15 17:15:01	2	0	1	0
        6	2025-02-15 17:15:27	2	0	1	0
        4	2025-02-15 17:27:26	2	0	1	0
       11	2025-02-15 17:34:05	2	0	1	0
        9	2025-02-15 20:22:29	2	0	1	0
       14	2025-02-15 20:29:45	2	0	1	0
        3	2025-02-15 20:31:32	2	0	1	0
        4	2025-02-16 07:01:16	2	0	1	0
       10	2025-02-16 07:53:28	2	0	1	0
       16	2025-02-16 07:57:52	2	0	1	0
        3	2025-02-16 08:08:08	2	0	1	0
       13	2025-02-16 08:08:15	2	0	1	0
       13	2025-02-16 08:08:17	2	0	1	0
       12	2025-02-16 08:13:09	2	0	1	0
       11	2025-02-16 08:15:52	2	0	1	0
        6	2025-02-16 08:16:49	2	0	1	0
        9	2025-02-16 08:27:39	2	0	1	0
       14	2025-02-16 09:36:53	2	0	1	0
       12	2025-02-16 17:18:45	2	0	1	0
       12	2025-02-16 17:18:49	2	0	1	0
        9	2025-02-16 22:26:46	2	0	1	0
        6	2025-02-16 22:27:53	2	0	1	0
        3	2025-02-16 22:28:38	2	0	1	0
       16	2025-02-16 22:28:47	2	0	1	0
       10	2025-02-16 22:28:55	2	0	1	0
       11	2025-02-16 22:30:58	2	0	1	0
       13	2025-02-16 22:31:58	2	0	1	0
       13	2025-02-16 22:32:20	2	0	1	0
        4	2025-02-16 23:02:03	2	0	1	0
        4	2025-02-17 07:08:58	2	0	1	0
        3	2025-02-17 07:59:40	2	0	1	0
       10	2025-02-17 07:59:44	2	0	1	0
       16	2025-02-17 08:07:38	2	0	1	0
       13	2025-02-17 08:07:46	2	0	1	0
       13	2025-02-17 08:07:49	2	0	1	0
        6	2025-02-17 08:11:08	2	0	1	0
        9	2025-02-17 08:15:29	2	0	1	0
       12	2025-02-17 08:26:34	2	0	1	0
       11	2025-02-17 08:35:13	2	0	1	0
        4	2025-02-17 17:28:42	2	0	1	0
        9	2025-02-17 18:44:16	2	0	1	0
        6	2025-02-17 21:43:11	2	0	1	0
       12	2025-02-17 21:46:44	2	0	1	0
       10	2025-02-17 21:46:49	2	0	1	0
       13	2025-02-17 21:47:05	2	0	1	0
       13	2025-02-17 21:47:13	2	0	1	0
       11	2025-02-17 21:47:18	2	0	1	0
       14	2025-02-17 22:41:10	2	0	1	0
        4	2025-02-18 07:21:16	2	0	1	0
       13	2025-02-18 07:55:26	2	0	1	0
       13	2025-02-18 07:55:37	2	0	1	0
        3	2025-02-18 07:59:19	2	0	1	0
       10	2025-02-18 07:59:27	2	0	1	0
       11	2025-02-18 08:20:40	2	0	1	0
        6	2025-02-18 08:23:30	2	0	1	0
       12	2025-02-18 08:28:29	2	0	1	0
       14	2025-02-18 10:18:36	2	0	1	0
       10	2025-02-18 17:03:08	2	0	1	0
       12	2025-02-18 17:04:43	2	0	1	0
       11	2025-02-18 17:09:47	2	0	1	0
       13	2025-02-18 17:10:58	2	0	1	0
       13	2025-02-18 17:11:03	2	0	1	0
        6	2025-02-18 17:11:53	2	0	1	0
        3	2025-02-18 17:16:32	2	0	1	0
        4	2025-02-18 17:27:26	2	0	1	0
        4	2025-02-19 06:58:49	2	0	1	0
       10	2025-02-19 07:46:44	2	0	1	0
        9	2025-02-19 07:48:51	2	0	1	0
       13	2025-02-19 07:57:52	2	0	1	0
       13	2025-02-19 07:57:56	2	0	1	0
        3	2025-02-19 08:05:24	2	0	1	0
        6	2025-02-19 08:21:43	2	0	1	0
       12	2025-02-19 08:25:00	2	0	1	0
       12	2025-02-19 08:25:05	2	0	1	0
       14	2025-02-19 10:09:42	2	0	1	0
        3	2025-02-19 17:00:06	2	0	1	0
        6	2025-02-19 17:02:46	2	0	1	0
       10	2025-02-19 17:03:45	2	0	1	0
        4	2025-02-19 17:10:57	2	0	1	0
        3	2025-02-19 20:40:47	2	0	1	0
        6	2025-02-19 20:44:50	2	0	1	0
        6	2025-02-19 20:45:00	2	0	1	0
        4	2025-02-20 06:56:30	2	0	1	0
       10	2025-02-20 07:43:31	2	0	1	0
       13	2025-02-20 07:49:44	2	0	1	0
       13	2025-02-20 07:49:49	2	0	1	0
       13	2025-02-20 07:49:57	2	0	1	0
        3	2025-02-20 08:06:08	2	0	1	0
        9	2025-02-20 08:06:23	2	0	1	0
       11	2025-02-20 08:15:05	2	0	1	0
        6	2025-02-20 08:20:51	2	0	1	0
       12	2025-02-20 08:41:47	2	0	1	0
       11	2025-02-20 18:40:40	2	0	1	0
        2	2025-02-20 18:49:08	2	0	1	0
        4	2025-02-20 18:49:27	2	0	1	0
        4	2025-02-21 14:36:06	2	0	1	0
        3	2025-02-21 14:56:07	2	0	1	0
        4	2025-02-21 19:56:04	2	0	1	0
        4	2025-02-22 07:01:45	2	0	1	0
       11	2025-02-22 08:08:17	2	0	1	0
       13	2025-02-22 08:08:40	2	0	1	0
       13	2025-02-22 08:08:43	2	0	1	0
        3	2025-02-22 08:10:27	2	0	1	0
       10	2025-02-22 08:10:49	2	0	1	0
        6	2025-02-22 08:18:19	2	0	1	0
        9	2025-02-22 08:23:35	2	0	1	0
       12	2025-02-22 08:47:38	2	0	1	0
       12	2025-02-22 17:00:30	2	0	1	0
        4	2025-02-22 19:49:55	2	0	1	0
       11	2025-02-22 21:36:05	2	0	1	0
       10	2025-02-22 21:40:27	2	0	1	0
        3	2025-02-22 21:40:37	2	0	1	0
        6	2025-02-22 23:06:40	2	0	1	0
        4	2025-02-23 07:16:48	2	0	1	0
       16	2025-02-23 08:02:48	2	0	1	0
       10	2025-02-23 08:06:59	2	0	1	0
        3	2025-02-23 08:07:20	2	0	1	0
       13	2025-02-23 08:11:47	2	0	1	0
        6	2025-02-23 08:15:33	2	0	1	0
       12	2025-02-23 08:22:49	2	0	1	0
       11	2025-02-23 08:24:48	2	0	1	0
        9	2025-02-23 08:26:43	2	0	1	0
        3	2025-02-23 21:08:15	2	0	1	0
       10	2025-02-23 21:08:23	2	0	1	0
       11	2025-02-23 21:08:30	2	0	1	0
       12	2025-02-23 21:08:36	2	0	1	0
        6	2025-02-23 22:58:02	2	0	1	0
        4	2025-02-23 22:59:21	2	0	1	0
        4	2025-02-24 06:52:33	2	0	1	0
       13	2025-02-24 08:10:53	2	0	1	0
       13	2025-02-24 08:10:56	2	0	1	0
        3	2025-02-24 08:14:10	2	0	1	0
       10	2025-02-24 08:14:15	2	0	1	0
       12	2025-02-24 08:17:12	2	0	1	0
        6	2025-02-24 08:23:53	2	0	1	0
        7	2025-02-24 08:24:56	2	0	1	0
       11	2025-02-24 08:30:07	2	0	1	0
        2	2025-02-24 15:58:01	2	0	1	0
        2	2025-02-24 15:58:15	2	0	1	0
        2	2025-02-24 15:58:37	2	0	1	0
       12	2025-02-24 21:15:14	2	0	1	0
        6	2025-02-24 21:15:21	2	0	1	0
        3	2025-02-24 21:15:25	2	0	1	0
        2	2025-02-24 21:16:23	2	0	1	0
       10	2025-02-24 21:16:36	2	0	1	0
       13	2025-02-24 21:16:59	2	0	1	0
        4	2025-02-25 06:53:04	2	0	1	0
        9	2025-02-25 07:51:22	2	0	1	0
        3	2025-02-25 08:13:11	2	0	1	0
       10	2025-02-25 08:13:31	2	0	1	0
       13	2025-02-25 08:19:24	2	0	1	0
        6	2025-02-25 08:32:32	2	0	1	0
       12	2025-02-25 08:32:43	2	0	1	0
       16	2025-02-25 14:55:24	2	0	1	0
       12	2025-02-25 22:04:29	2	0	1	0
       10	2025-02-25 22:17:04	2	0	1	0
       16	2025-02-25 22:17:29	2	0	1	0
        6	2025-02-25 22:35:48	2	0	1	0
       13	2025-02-26 01:34:40	2	0	1	0
        4	2025-02-26 07:02:22	2	0	1	0
       16	2025-02-26 07:54:59	2	0	1	0
       11	2025-02-26 08:08:24	2	0	1	0
        9	2025-02-26 08:19:19	2	0	1	0
        6	2025-02-26 08:24:25	2	0	1	0
        3	2025-02-26 08:24:32	2	0	1	0
       10	2025-02-26 08:25:33	2	0	1	0
       12	2025-02-26 08:27:14	2	0	1	0
       13	2025-02-26 08:30:23	2	0	1	0
       13	2025-02-26 08:30:26	2	0	1	0
        2	2025-02-26 17:10:54	2	0	1	0
        4	2025-02-26 22:02:59	2	0	1	0
       13	2025-02-26 22:10:01	2	0	1	0
       12	2025-02-26 22:48:15	2	0	1	0
       11	2025-02-26 22:48:21	2	0	1	0
       10	2025-02-26 23:15:19	2	0	1	0
        9	2025-02-26 23:15:33	2	0	1	0
        3	2025-02-26 23:15:38	2	0	1	0
       16	2025-02-26 23:21:44	2	0	1	0
        6	2025-02-26 23:32:07	2	0	1	0
        4	2025-02-27 07:13:23	2	0	1	0
       13	2025-02-27 07:57:55	2	0	1	0
       13	2025-02-27 07:58:16	2	0	1	0
       16	2025-02-27 08:13:05	2	0	1	0
        3	2025-02-27 08:19:20	2	0	1	0
       10	2025-02-27 08:19:30	2	0	1	0
        9	2025-02-27 08:20:45	2	0	1	0
       11	2025-02-27 08:25:51	2	0	1	0
        6	2025-02-27 08:32:46	2	0	1	0
       12	2025-02-27 08:38:45	2	0	1	0
       11	2025-02-27 17:14:48	2	0	1	0
        9	2025-02-27 17:14:52	2	0	1	0
        4	2025-02-27 17:17:56	2	0	1	0
       12	2025-02-27 17:22:09	2	0	1	0
       13	2025-03-01 07:01:48	2	0	1	0
        4	2025-03-01 07:02:05	2	0	1	0
        3	2025-03-01 07:04:22	2	0	1	0
       10	2025-03-01 07:04:28	2	0	1	0
       16	2025-03-01 07:07:13	2	0	1	0
       12	2025-03-01 07:11:13	2	0	1	0
       11	2025-03-01 08:46:06	2	0	1	0
       16	2025-03-01 14:13:17	2	0	1	0
        6	2025-03-01 14:13:48	2	0	1	0
        6	2025-03-01 14:57:44	2	0	1	0
        3	2025-03-01 15:01:57	2	0	1	0
        4	2025-03-01 15:02:13	2	0	1	0
       13	2025-03-02 06:57:14	2	0	1	0
       16	2025-03-02 06:57:20	2	0	1	0
        9	2025-03-02 06:57:31	2	0	1	0
        4	2025-03-02 06:57:41	2	0	1	0
       12	2025-03-02 07:11:16	2	0	1	0
       10	2025-03-02 07:13:57	2	0	1	0
        6	2025-03-02 07:20:27	2	0	1	0
       12	2025-03-02 14:17:31	2	0	1	0
        9	2025-03-02 14:17:58	2	0	1	0
       16	2025-03-02 14:25:16	2	0	1	0
       13	2025-03-03 07:07:28	2	0	1	0
       16	2025-03-03 07:07:35	2	0	1	0
       10	2025-03-03 07:07:40	2	0	1	0
        4	2025-03-03 07:07:59	2	0	1	0
       12	2025-03-03 07:08:31	2	0	1	0
       11	2025-03-03 07:15:48	2	0	1	0
        6	2025-03-03 07:16:15	2	0	1	0
        9	2025-03-03 07:21:08	2	0	1	0
       12	2025-03-03 09:40:23	2	0	1	0
        4	2025-03-03 14:07:19	2	0	1	0
        9	2025-03-03 14:20:24	2	0	1	0
       16	2025-03-03 14:24:36	2	0	1	0
       11	2025-03-03 14:39:06	2	0	1	0
       12	2025-03-03 21:17:49	2	0	1	0
       12	2025-03-04 00:11:05	2	0	1	0
        6	2025-03-04 01:11:02	2	0	1	0
        9	2025-03-04 06:57:17	2	0	1	0
        4	2025-03-04 06:58:15	2	0	1	0
       16	2025-03-04 07:04:05	2	0	1	0
        3	2025-03-04 07:07:46	2	0	1	0
       10	2025-03-04 07:07:52	2	0	1	0
        6	2025-03-04 07:32:21	2	0	1	0
       13	2025-03-04 07:32:50	2	0	1	0
       12	2025-03-04 07:38:12	2	0	1	0
       11	2025-03-04 08:03:32	2	0	1	0
        9	2025-03-04 14:18:29	2	0	1	0
        6	2025-03-04 14:21:23	2	0	1	0
       12	2025-03-04 14:33:17	2	0	1	0
        3	2025-03-04 14:37:22	2	0	1	0
        4	2025-03-04 15:06:12	2	0	1	0
        6	2025-03-05 02:07:38	2	0	1	0
        9	2025-03-05 07:41:00	2	0	1	0
       10	2025-03-05 07:41:22	2	0	1	0
        4	2025-03-05 07:42:40	2	0	1	0
        3	2025-03-05 07:59:54	2	0	1	0
       13	2025-03-05 08:00:04	2	0	1	0
       16	2025-03-05 08:00:48	2	0	1	0
       12	2025-03-05 08:00:55	2	0	1	0
        6	2025-03-05 08:16:55	2	0	1	0
       11	2025-03-05 08:41:57	2	0	1	0
       11	2025-03-05 09:19:42	2	0	1	0
       11	2025-03-05 09:36:06	2	0	1	0
       12	2025-03-05 15:48:05	2	0	1	0
        3	2025-03-05 15:57:20	2	0	1	0
       10	2025-03-05 15:57:52	2	0	1	0
        6	2025-03-05 16:09:07	2	0	1	0
        4	2025-03-05 16:56:14	2	0	1	0
        6	2025-03-05 17:03:14	2	0	1	0
       11	2025-03-05 17:06:57	2	0	1	0
        4	2025-03-06 07:45:44	2	0	1	0
       13	2025-03-06 07:57:03	2	0	1	0
       13	2025-03-06 07:57:08	2	0	1	0
       16	2025-03-06 07:58:11	2	0	1	0
        9	2025-03-06 08:03:46	2	0	1	0
       10	2025-03-06 08:03:58	2	0	1	0
        3	2025-03-06 08:04:01	2	0	1	0
       12	2025-03-06 08:08:22	2	0	1	0
        6	2025-03-06 08:15:31	2	0	1	0
       13	2025-03-06 15:28:46	2	0	1	0
       13	2025-03-06 15:28:49	2	0	1	0
       12	2025-03-06 15:32:37	2	0	1	0
        2	2025-03-06 16:09:40	2	0	1	0
        4	2025-03-06 16:19:00	2	0	1	0
       20	2025-03-07 08:00:46	2	0	1	0
        6	2025-03-07 08:15:54	2	0	1	0
       12	2025-03-07 08:27:13	2	0	1	0
        6	2025-03-07 15:10:32	2	0	1	0
       12	2025-03-07 15:15:07	2	0	1	0
       11	2025-03-07 15:22:24	2	0	1	0
        4	2025-03-08 07:49:09	2	0	1	0
       20	2025-03-08 07:50:04	2	0	1	0
       19	2025-03-08 07:54:02	2	0	1	0
       13	2025-03-08 07:55:00	2	0	1	0
       13	2025-03-08 07:55:05	2	0	1	0
       10	2025-03-08 08:05:05	2	0	1	0
        3	2025-03-08 08:05:20	2	0	1	0
       11	2025-03-08 08:07:10	2	0	1	0
       12	2025-03-08 08:10:21	2	0	1	0
       17	2025-03-08 08:10:52	2	0	1	0
       17	2025-03-08 08:11:07	2	0	1	0
        6	2025-03-08 08:18:00	2	0	1	0
       16	2025-03-08 08:20:12	2	0	1	0
       15	2025-03-08 09:49:19	2	0	1	0
       12	2025-03-08 15:10:25	2	0	1	0
       17	2025-03-08 15:10:49	2	0	1	0
       10	2025-03-08 16:00:27	2	0	1	0
        6	2025-03-08 16:04:05	2	0	1	0
        4	2025-03-08 16:05:35	2	0	1	0
       16	2025-03-08 16:10:58	2	0	1	0
       19	2025-03-08 16:14:30	2	0	1	0
       20	2025-03-08 16:15:28	2	0	1	0
        2	2025-03-08 16:19:12	2	0	1	0
       11	2025-03-08 16:19:20	2	0	1	0
       11	2025-03-08 16:20:08	2	0	1	0
       16	2025-03-09 07:59:58	2	0	1	0
        3	2025-03-09 08:00:02	2	0	1	0
       19	2025-03-09 08:00:06	2	0	1	0
       13	2025-03-09 08:00:16	2	0	1	0
       13	2025-03-09 08:00:20	2	0	1	0
       10	2025-03-09 08:00:25	2	0	1	0
        9	2025-03-09 08:01:51	2	0	1	0
        4	2025-03-09 08:02:09	2	0	1	0
        6	2025-03-09 08:16:24	2	0	1	0
       11	2025-03-09 08:44:59	2	0	1	0
       20	2025-03-09 09:10:49	2	0	1	0
        6	2025-03-09 15:50:10	2	0	1	0
        9	2025-03-09 16:00:23	2	0	1	0
       19	2025-03-09 16:12:12	2	0	1	0
       10	2025-03-09 16:16:57	2	0	1	0
        3	2025-03-09 16:17:23	2	0	1	0
       15	2025-03-09 16:17:38	2	0	1	0
       16	2025-03-09 16:20:20	2	0	1	0
       22	2025-03-09 16:24:32	2	0	1	0
       11	2025-03-09 16:42:15	2	0	1	0
       21	2025-03-09 16:43:13	2	0	1	0
        4	2025-03-09 17:16:54	2	0	1	0
       20	2025-03-09 17:17:07	2	0	1	0
        6	2025-03-09 20:10:36	2	0	1	0
       12	2025-03-09 20:22:24	2	0	1	0
       12	2025-03-10 03:26:11	2	0	1	0
       16	2025-03-10 07:57:17	2	0	1	0
       19	2025-03-10 07:59:40	2	0	1	0
        4	2025-03-10 08:00:58	2	0	1	0
        3	2025-03-10 08:04:45	2	0	1	0
       10	2025-03-10 08:04:52	2	0	1	0
        9	2025-03-10 08:06:45	2	0	1	0
       21	2025-03-10 08:08:31	2	0	1	0
       11	2025-03-10 08:18:16	2	0	1	0
        4	2025-03-10 15:15:42	2	0	1	0
       16	2025-03-10 15:16:39	2	0	1	0
       12	2025-03-10 19:59:49	2	0	1	0
       12	2025-03-10 20:32:09	2	0	1	0
       12	2025-03-10 20:33:38	2	0	1	0
        3	2025-03-10 22:00:03	2	0	1	0
       10	2025-03-10 22:00:09	2	0	1	0
       21	2025-03-10 22:00:25	2	0	1	0
       19	2025-03-10 22:03:17	2	0	1	0
       13	2025-03-10 22:19:01	2	0	1	0
       13	2025-03-10 22:19:05	2	0	1	0
        9	2025-03-10 22:19:23	2	0	1	0
       11	2025-03-10 22:20:05	2	0	1	0
       23	2025-03-11 02:08:36	2	0	1	0
        4	2025-03-11 07:52:14	2	0	1	0
       19	2025-03-11 07:53:28	2	0	1	0
       21	2025-03-11 08:01:27	2	0	1	0
       12	2025-03-11 08:02:06	2	0	1	0
       17	2025-03-11 08:02:27	2	0	1	0
       13	2025-03-11 08:03:18	2	0	1	0
       13	2025-03-11 08:03:32	2	0	1	0
       23	2025-03-11 08:07:02	2	0	1	0
        3	2025-03-11 08:07:23	2	0	1	0
       10	2025-03-11 08:07:30	2	0	1	0
        9	2025-03-11 08:07:59	2	0	1	0
        6	2025-03-11 08:12:51	2	0	1	0
       16	2025-03-11 08:32:19	2	0	1	0
       15	2025-03-11 08:32:25	2	0	1	0
       23	2025-03-11 10:18:48	2	0	1	0
        6	2025-03-11 15:05:15	2	0	1	0
       17	2025-03-11 15:06:24	2	0	1	0
       12	2025-03-11 15:06:44	2	0	1	0
        4	2025-03-11 15:13:07	2	0	1	0
        9	2025-03-11 15:13:38	2	0	1	0
       16	2025-03-11 15:16:55	2	0	1	0
       19	2025-03-11 15:16:59	2	0	1	0
       13	2025-03-11 15:17:35	2	0	1	0
       13	2025-03-11 15:17:38	2	0	1	0
       21	2025-03-11 15:20:26	2	0	1	0
       10	2025-03-11 17:00:15	2	0	1	0
        3	2025-03-11 17:00:56	2	0	1	0
       24	2025-03-11 20:55:47	2	0	1	0
       25	2025-03-12 00:02:04	2	0	1	0
        6	2025-03-12 01:57:01	2	0	1	0
       24	2025-03-12 03:03:25	2	0	1	0
       24	2025-03-12 03:03:37	2	0	1	0
       21	2025-03-12 07:38:18	2	0	1	0
       16	2025-03-12 07:56:03	2	0	1	0
        4	2025-03-12 07:59:38	2	0	1	0
       19	2025-03-12 08:03:44	2	0	1	0
       13	2025-03-12 08:06:32	2	0	1	0
       10	2025-03-12 08:06:38	2	0	1	0
       12	2025-03-12 08:06:58	2	0	1	0
       11	2025-03-12 08:07:03	2	0	1	0
       17	2025-03-12 08:07:22	2	0	1	0
        9	2025-03-12 08:08:36	2	0	1	0
        6	2025-03-12 08:28:32	2	0	1	0
        6	2025-03-12 15:10:19	2	0	1	0
       10	2025-03-12 15:11:07	2	0	1	0
        4	2025-03-12 15:12:15	2	0	1	0
       16	2025-03-12 15:15:59	2	0	1	0
       17	2025-03-12 15:16:42	2	0	1	0
       12	2025-03-12 15:21:43	2	0	1	0
       23	2025-03-12 19:26:55	2	0	1	0
        6	2025-03-12 19:31:24	2	0	1	0
        4	2025-03-12 20:24:54	2	0	1	0
       16	2025-03-12 20:46:15	2	0	1	0
       19	2025-03-12 22:11:32	2	0	1	0
       21	2025-03-12 22:12:45	2	0	1	0
       13	2025-03-12 22:14:49	2	0	1	0
       11	2025-03-12 22:15:12	2	0	1	0
       24	2025-03-12 22:18:13	2	0	1	0
       16	2025-03-12 22:23:06	2	0	1	0
       23	2025-03-13 03:42:19	2	0	1	0
        6	2025-03-13 06:05:11	2	0	1	0
        6	2025-03-13 06:05:13	2	0	1	0
       25	2025-03-13 07:41:03	2	0	1	0
       13	2025-03-13 07:54:30	2	0	1	0
       13	2025-03-13 07:54:33	2	0	1	0
       19	2025-03-13 07:56:17	2	0	1	0
        9	2025-03-13 08:07:34	2	0	1	0
        3	2025-03-13 08:08:51	2	0	1	0
       10	2025-03-13 08:11:30	2	0	1	0
       15	2025-03-13 08:11:34	2	0	1	0
       12	2025-03-13 08:11:55	2	0	1	0
       17	2025-03-13 08:12:05	2	0	1	0
        4	2025-03-13 08:17:30	2	0	1	0
       21	2025-03-13 09:01:52	2	0	1	0
       16	2025-03-13 09:10:10	2	0	1	0
       10	2025-03-13 17:05:29	2	0	1	0
       21	2025-03-13 17:38:53	2	0	1	0
       13	2025-03-13 17:40:26	2	0	1	0
       13	2025-03-13 17:40:28	2	0	1	0
       25	2025-03-13 17:45:31	2	0	1	0
        4	2025-03-13 18:49:54	2	0	1	0
       20	2025-03-13 18:50:03	2	0	1	0
       13	2025-03-14 07:50:36	2	0	1	0
       16	2025-03-14 07:50:48	2	0	1	0
       21	2025-03-14 07:52:50	2	0	1	0
       19	2025-03-14 07:58:01	2	0	1	0
       26	2025-03-14 08:06:07	2	0	1	0
       26	2025-03-14 08:36:49	2	0	1	0
       21	2025-03-14 15:12:18	2	0	1	0
       13	2025-03-14 15:12:34	2	0	1	0
       13	2025-03-14 15:12:38	2	0	1	0
       19	2025-03-14 15:15:30	2	0	1	0
       16	2025-03-14 15:21:23	2	0	1	0
        4	2025-03-14 20:47:58	2	0	1	0
       26	2025-03-14 21:59:54	2	0	1	0
       20	2025-03-14 22:16:04	2	0	1	0
       23	2025-03-14 22:16:18	2	0	1	0
        4	2025-03-14 23:23:36	2	0	1	0
       23	2025-03-15 06:20:53	2	0	1	0
        4	2025-03-15 07:38:00	2	0	1	0
       26	2025-03-15 07:43:26	2	0	1	0
       13	2025-03-15 07:49:43	2	0	1	0
       13	2025-03-15 07:49:46	2	0	1	0
       13	2025-03-15 07:49:49	2	0	1	0
       16	2025-03-15 07:53:45	2	0	1	0
       21	2025-03-15 07:56:50	2	0	1	0
       10	2025-03-15 08:05:31	2	0	1	0
       12	2025-03-15 08:16:21	2	0	1	0
       25	2025-03-15 08:18:08	2	0	1	0
       15	2025-03-15 08:18:27	2	0	1	0
       24	2025-03-15 08:35:48	2	0	1	0
       13	2025-03-15 15:25:17	2	0	1	0
        4	2025-03-15 16:15:30	2	0	1	0
        2	2025-03-15 16:16:45	2	0	1	0
       12	2025-03-15 16:23:05	2	0	1	0
       22	2025-03-15 16:37:21	2	0	1	0
       15	2025-03-15 16:37:31	2	0	1	0
       16	2025-03-15 16:37:34	2	0	1	0
       16	2025-03-15 16:37:36	2	0	1	0
       16	2025-03-15 16:37:42	2	0	1	0
       24	2025-03-15 16:38:12	2	0	1	0
       10	2025-03-15 16:42:27	2	0	1	0
       21	2025-03-15 16:44:22	2	0	1	0
       29	2025-03-15 16:47:20	2	0	0	0
       29	2025-03-15 16:48:37	2	0	0	0
        7	2025-03-15 16:49:24	2	0	0	0
        7	2025-03-15 16:50:19	2	0	0	0
       23	2025-03-15 19:22:01	2	0	1	0
       20	2025-03-15 21:14:52	2	0	1	0
       20	2025-03-16 02:47:54	2	0	1	0
       13	2025-03-16 07:36:04	2	0	1	0
       13	2025-03-16 07:36:13	2	0	1	0
        4	2025-03-16 07:50:34	2	0	1	0
       19	2025-03-16 08:01:52	2	0	1	0
        3	2025-03-16 08:04:09	2	0	1	0
       16	2025-03-16 08:04:18	2	0	1	0
       21	2025-03-16 08:07:19	2	0	1	0
       12	2025-03-16 08:36:25	2	0	1	0
       10	2025-03-16 12:02:33	2	0	1	0
       17	2025-03-16 15:31:43	2	0	1	0
        7	2025-03-16 16:02:24	2	0	0	0
        3	2025-03-16 16:44:06	2	0	1	0
        4	2025-03-16 16:49:38	2	0	1	0
       12	2025-03-16 17:00:37	2	0	1	0
        7	2025-03-16 17:03:50	2	0	0	0
       13	2025-03-16 17:09:24	2	0	1	0
       13	2025-03-16 17:09:28	2	0	1	0
       19	2025-03-16 17:10:10	2	0	1	0
       21	2025-03-16 17:12:19	2	0	1	0
       10	2025-03-16 19:32:24	2	0	1	0
       21	2025-03-16 20:06:59	2	0	1	0
        7	2025-03-16 20:20:03	2	0	0	0
       24	2025-03-16 21:05:51	2	0	1	0
       26	2025-03-16 22:56:36	2	0	1	0
       21	2025-03-17 00:29:52	2	0	1	0
        4	2025-03-17 07:35:06	2	0	1	0
       13	2025-03-17 07:56:45	2	0	1	0
       13	2025-03-17 07:56:48	2	0	1	0
       19	2025-03-17 08:02:35	2	0	1	0
       22	2025-03-17 08:03:22	2	0	1	0
       22	2025-03-17 08:03:27	2	0	1	0
        3	2025-03-17 08:03:42	2	0	1	0
       29	2025-03-17 08:05:44	2	0	1	0
        9	2025-03-17 08:09:27	2	0	1	0
        6	2025-03-17 08:13:03	2	0	1	0
       28	2025-03-17 08:13:39	2	0	1	0
       28	2025-03-17 08:13:43	2	0	1	0
       16	2025-03-17 08:26:00	2	0	1	0
       21	2025-03-17 08:26:59	2	0	1	0
       11	2025-03-17 08:31:32	2	0	1	0
       26	2025-03-17 08:32:41	2	0	1	0
       10	2025-03-17 12:00:14	2	0	1	0
       23	2025-03-17 12:38:38	2	0	1	0
       12	2025-03-17 13:57:10	2	0	1	0
       30	2025-03-17 14:02:49	2	0	0	0
        4	2025-03-17 14:57:45	2	0	1	0
        3	2025-03-17 15:00:23	2	0	1	0
       17	2025-03-17 16:39:48	2	0	1	0
       10	2025-03-17 19:41:16	2	0	1	0
       12	2025-03-17 19:47:52	2	0	1	0
        9	2025-03-17 20:03:33	2	0	1	0
       30	2025-03-17 21:05:18	2	0	0	0
       24	2025-03-17 21:35:51	2	0	1	0
       24	2025-03-17 21:35:56	2	0	1	0
       26	2025-03-17 22:02:06	2	0	1	0
       23	2025-03-17 22:31:31	2	0	1	0
       13	2025-03-17 23:00:40	2	0	1	0
       13	2025-03-17 23:00:43	2	0	1	0
       16	2025-03-18 00:12:21	2	0	1	0
       29	2025-03-18 00:13:02	2	0	1	0
       21	2025-03-18 00:17:18	2	0	1	0
       19	2025-03-18 00:17:38	2	0	1	0
       27	2025-03-18 02:58:42	2	0	1	0
       23	2025-03-18 07:00:19	2	0	1	0
       17	2025-03-18 07:15:55	2	0	1	0
       16	2025-03-18 07:40:01	2	0	1	0
        4	2025-03-18 07:42:26	2	0	1	0
       26	2025-03-18 08:00:37	2	0	1	0
        9	2025-03-18 08:03:41	2	0	1	0
       10	2025-03-18 08:05:14	2	0	1	0
       21	2025-03-18 08:06:00	2	0	1	0
       19	2025-03-18 08:06:13	2	0	1	0
       29	2025-03-18 08:06:18	2	0	1	0
        3	2025-03-18 08:07:35	2	0	1	0
       11	2025-03-18 08:15:50	2	0	1	0
       12	2025-03-18 08:20:59	2	0	1	0
       12	2025-03-18 08:22:18	2	0	1	0
        7	2025-03-18 08:28:20	2	0	0	0
       13	2025-03-18 08:45:58	2	0	1	0
       30	2025-03-18 09:11:26	2	0	0	0
       22	2025-03-18 12:51:22	2	0	1	0
        3	2025-03-18 14:33:14	2	0	1	0
        4	2025-03-18 15:59:18	2	0	1	0
       29	2025-03-18 16:44:19	2	0	1	0
       12	2025-03-18 17:01:00	2	0	1	0
       17	2025-03-18 19:10:04	2	0	1	0
        6	2025-03-18 19:11:41	2	0	1	0
       23	2025-03-18 19:56:29	2	0	1	0
       29	2025-03-18 19:59:56	2	0	1	0
       10	2025-03-18 20:16:05	2	0	1	0
       27	2025-03-18 20:26:47	2	0	1	0
       28	2025-03-18 20:30:17	2	0	1	0
       26	2025-03-18 21:52:08	2	0	1	0
        9	2025-03-18 22:06:31	2	0	1	0
       30	2025-03-18 22:10:04	2	0	0	0
       30	2025-03-18 22:11:06	2	0	0	0
       21	2025-03-18 22:15:24	2	0	1	0
       13	2025-03-18 22:15:47	2	0	1	0
       13	2025-03-18 22:15:50	2	0	1	0
        7	2025-03-19 00:05:43	2	0	0	0
       22	2025-03-19 00:08:45	2	0	1	0
       16	2025-03-19 00:10:10	2	0	1	0
        6	2025-03-19 02:01:02	2	0	1	0
       28	2025-03-19 03:17:29	2	0	1	0
       27	2025-03-19 06:01:00	2	0	1	0
       23	2025-03-19 07:04:55	2	0	1	0
       29	2025-03-19 07:35:26	2	0	1	0
       13	2025-03-19 07:55:27	2	0	1	0
       13	2025-03-19 07:55:30	2	0	1	0
       13	2025-03-19 07:55:36	2	0	1	0
       10	2025-03-19 07:58:36	2	0	1	0
       19	2025-03-19 08:02:34	2	0	1	0
       12	2025-03-19 08:03:33	2	0	1	0
        9	2025-03-19 08:04:17	2	0	1	0
        7	2025-03-19 08:14:24	2	0	0	0
        6	2025-03-19 08:14:29	2	0	1	0
       16	2025-03-19 08:17:40	2	0	1	0
        4	2025-03-19 08:17:45	2	0	1	0
       11	2025-03-19 08:22:17	2	0	1	0
       21	2025-03-19 08:31:26	2	0	1	0
       17	2025-03-19 08:49:47	2	0	1	0
       31	2025-03-19 08:56:28	2	0	1	0
       24	2025-03-19 08:58:43	2	0	1	0
       30	2025-03-19 13:06:07	2	0	0	0
        4	2025-03-19 15:28:50	2	0	1	0
       21	2025-03-19 16:11:52	2	0	1	0
       20	2025-03-19 18:59:35	2	0	1	0
       23	2025-03-19 19:16:04	2	0	1	0
       27	2025-03-19 20:25:43	2	0	1	0
       29	2025-03-19 20:27:38	2	0	1	0
       13	2025-03-19 20:55:00	2	0	1	0
       13	2025-03-19 20:55:03	2	0	1	0
       31	2025-03-19 21:45:37	2	0	1	0
       26	2025-03-19 21:47:04	2	0	1	0
       19	2025-03-19 21:52:15	2	0	1	0
        9	2025-03-19 22:14:40	2	0	1	0
       30	2025-03-19 23:30:23	2	0	0	0
       24	2025-03-19 23:30:39	2	0	1	0
        7	2025-03-20 00:08:05	2	0	0	0
       16	2025-03-20 02:35:45	2	0	1	0
       29	2025-03-20 02:36:13	2	0	1	0
       23	2025-03-20 06:23:17	2	0	1	0
       17	2025-03-20 06:59:29	2	0	1	0
       13	2025-03-20 07:54:24	2	0	1	0
       19	2025-03-20 07:54:32	2	0	1	0
       21	2025-03-20 08:01:35	2	0	1	0
       10	2025-03-20 08:05:01	2	0	1	0
       31	2025-03-20 08:08:15	2	0	1	0
       11	2025-03-20 08:08:30	2	0	1	0
       32	2025-03-20 08:08:41	2	0	1	0
        3	2025-03-20 08:09:36	2	0	1	0
        9	2025-03-20 08:10:39	2	0	1	0
        4	2025-03-20 08:15:15	2	0	1	0
       29	2025-03-20 08:15:35	2	0	1	0
       28	2025-03-20 08:15:40	2	0	1	0
       12	2025-03-20 08:16:19	2	0	1	0
       16	2025-03-20 08:16:25	2	0	1	0
        6	2025-03-20 08:29:02	2	0	1	0
        7	2025-03-20 08:29:20	2	0	0	0
       22	2025-03-20 09:05:10	2	0	1	0
       30	2025-03-20 10:34:14	2	0	0	0
        4	2025-03-20 15:15:30	2	0	1	0
        3	2025-03-20 15:32:44	2	0	1	0
       28	2025-03-20 16:34:12	2	0	1	0
       12	2025-03-20 17:14:58	2	0	1	0
       19	2025-03-20 17:26:02	2	0	1	0
       31	2025-03-20 17:26:25	2	0	1	0
       21	2025-03-20 17:26:31	2	0	1	0
       16	2025-03-20 17:27:25	2	0	1	0
       30	2025-03-20 17:27:55	2	0	0	0
       32	2025-03-20 17:28:13	2	0	1	0
        7	2025-03-20 17:30:50	2	0	0	0
        7	2025-03-21 09:45:59	2	0	0	0
        6	2025-03-21 09:46:02	2	0	1	0
       29	2025-03-21 09:46:16	2	0	1	0
       11	2025-03-21 15:18:37	2	0	1	0
       29	2025-03-21 15:18:50	2	0	1	0
        6	2025-03-21 16:06:24	2	0	1	0
       13	2025-03-22 07:43:17	2	0	1	0
       13	2025-03-22 07:43:20	2	0	1	0
       26	2025-03-22 07:45:25	2	0	1	0
        7	2025-03-22 07:47:35	2	0	0	0
        7	2025-03-22 07:48:01	2	0	0	0
        9	2025-03-22 07:58:09	2	0	1	0
       19	2025-03-22 08:03:54	2	0	1	0
        3	2025-03-22 08:11:48	2	0	1	0
       10	2025-03-22 08:12:22	2	0	1	0
        6	2025-03-22 08:13:57	2	0	1	0
       12	2025-03-22 08:16:43	2	0	1	0
       16	2025-03-22 08:17:59	2	0	1	0
       11	2025-03-22 08:22:26	2	0	1	0
       21	2025-03-22 08:33:39	2	0	1	0
       29	2025-03-22 08:39:18	2	0	1	0
       20	2025-03-22 09:08:46	2	0	1	0
       30	2025-03-22 09:28:20	2	0	0	0
       11	2025-03-22 15:26:25	2	0	1	0
       16	2025-03-22 15:26:41	2	0	1	0
       29	2025-03-22 15:26:47	2	0	1	0
       21	2025-03-22 15:41:58	2	0	1	0
       30	2025-03-22 15:45:33	2	0	0	0
        7	2025-03-22 16:34:05	2	0	0	0
       12	2025-03-22 16:35:53	2	0	1	0
        7	2025-03-22 19:14:10	2	0	0	0
        7	2025-03-22 19:14:21	2	0	1	0
        7	2025-03-22 19:14:28	2	0	1	0
        6	2025-03-22 19:14:39	2	0	1	0
        6	2025-03-22 19:14:42	2	0	1	0
        7	2025-03-22 23:58:14	2	0	1	0
        6	2025-03-22 23:58:23	2	0	1	0
       17	2025-03-23 02:48:11	2	0	1	0
        6	2025-03-23 08:22:33	2	0	1	0
       12	2025-03-23 08:22:36	2	0	1	0
        7	2025-03-23 08:22:45	2	0	1	0
       13	2025-03-23 08:23:02	2	0	1	0
        9	2025-03-23 08:23:10	2	0	1	0
       26	2025-03-23 08:23:18	2	0	1	0
       10	2025-03-23 08:24:05	2	0	1	0
       19	2025-03-23 08:24:22	2	0	1	0
       29	2025-03-23 08:24:44	2	0	1	0
       11	2025-03-23 08:24:49	2	0	1	0
       30	2025-03-23 08:26:27	2	0	0	0
       28	2025-03-23 08:26:36	2	0	1	0
       21	2025-03-23 08:31:30	2	0	1	0
       22	2025-03-23 08:35:35	2	0	1	0
       16	2025-03-23 09:11:14	2	0	1	0
       24	2025-03-23 10:40:43	2	0	1	0
       11	2025-03-23 15:15:37	2	0	1	0
       21	2025-03-23 15:36:55	2	0	1	0
        7	2025-03-23 18:52:27	2	0	1	0
        6	2025-03-23 18:52:43	2	0	1	0
       27	2025-03-23 20:34:45	2	0	1	0
       12	2025-03-23 21:18:25	2	0	1	0
       30	2025-03-23 22:11:43	2	0	0	0
        9	2025-03-23 22:11:56	2	0	1	0
       19	2025-03-23 22:12:54	2	0	1	0
       16	2025-03-23 22:19:06	2	0	1	0
       29	2025-03-23 22:19:56	2	0	1	0
       13	2025-03-23 22:37:50	2	0	1	0
       13	2025-03-23 22:58:07	2	0	1	0
       13	2025-03-23 22:58:28	2	0	1	0
       22	2025-03-23 23:00:14	2	0	1	0
       22	2025-03-23 23:00:22	2	0	1	0
       29	2025-03-23 23:00:29	2	0	1	0
       13	2025-03-23 23:00:43	2	0	1	0
       29	2025-03-23 23:02:52	2	0	1	0
       24	2025-03-23 23:41:35	2	0	1	0
       24	2025-03-23 23:41:54	2	0	1	0
       10	2025-03-24 08:09:55	2	0	1	0
        7	2025-03-24 08:10:01	2	0	1	0
       16	2025-03-24 08:10:06	2	0	1	0
       13	2025-03-24 08:10:18	2	0	1	0
       26	2025-03-24 08:10:24	2	0	1	0
       31	2025-03-24 08:10:57	2	0	1	0
        6	2025-03-24 08:11:19	2	0	1	0
       32	2025-03-24 08:11:28	2	0	1	0
       19	2025-03-24 08:16:59	2	0	1	0
       12	2025-03-24 08:35:10	2	0	1	0
       28	2025-03-24 08:38:02	2	0	1	0
        9	2025-03-24 08:51:41	2	0	1	0
       30	2025-03-24 08:56:08	2	0	0	0
       24	2025-03-24 11:32:42	2	0	1	0
       24	2025-03-24 11:32:45	2	0	1	0
       24	2025-03-24 11:32:49	2	0	1	0
       30	2025-03-24 13:20:55	2	0	0	0
        6	2025-03-24 15:07:03	2	0	1	0
       29	2025-03-24 15:22:04	2	0	1	0
        9	2025-03-24 15:22:23	2	0	1	0
       28	2025-03-24 16:01:55	2	0	1	0
       16	2025-03-24 17:43:15	2	0	1	0
       10	2025-03-24 17:49:59	2	0	1	0
       12	2025-03-24 21:08:16	2	0	1	0
       24	2025-03-24 21:47:08	2	0	1	0
       24	2025-03-24 21:47:28	2	0	1	0
       19	2025-03-24 22:13:30	2	0	1	0
       13	2025-03-24 22:44:23	2	0	1	0
       13	2025-03-24 22:44:47	2	0	1	0
       29	2025-03-24 23:00:26	2	0	1	0
        7	2025-03-25 08:09:37	2	0	1	0
       13	2025-03-25 08:09:47	2	0	1	0
       32	2025-03-25 08:11:13	2	0	1	0
       10	2025-03-25 08:13:24	2	0	1	0
       11	2025-03-25 08:16:48	2	0	1	0
        6	2025-03-25 08:16:54	2	0	1	0
       31	2025-03-25 08:18:55	2	0	1	0
       12	2025-03-25 08:28:01	2	0	1	0
       28	2025-03-25 08:28:05	2	0	1	0
       26	2025-03-25 08:38:55	2	0	1	0
       29	2025-03-25 08:47:20	2	0	1	0
       22	2025-03-25 08:47:30	2	0	1	0
       21	2025-03-25 08:54:23	2	0	1	0
       16	2025-03-25 10:22:17	2	0	1	0
       16	2025-03-25 10:22:34	2	0	1	0
       12	2025-03-25 15:11:52	2	0	1	0
       10	2025-03-25 15:18:14	2	0	1	0
       11	2025-03-25 15:18:26	2	0	1	0
        6	2025-03-25 16:10:02	2	0	1	0
        7	2025-03-25 16:10:11	2	0	1	0
       29	2025-03-25 17:11:34	2	0	1	0
       19	2025-03-25 23:04:34	2	0	1	0
       19	2025-03-25 23:04:40	2	0	1	0
       22	2025-03-25 23:45:28	2	0	1	0
       16	2025-03-25 23:46:03	2	0	1	0
       21	2025-03-25 23:46:29	2	0	1	0
       31	2025-03-25 23:50:39	2	0	1	0
       13	2025-03-26 00:38:59	2	0	1	0
       26	2025-03-26 00:42:47	2	0	1	0
       10	2025-03-26 08:16:01	2	0	1	0
        6	2025-03-26 08:16:05	2	0	1	0
        7	2025-03-26 08:16:26	2	0	1	0
       31	2025-03-26 08:20:13	2	0	1	0
       26	2025-03-26 08:22:00	2	0	1	0
        9	2025-03-26 08:29:34	2	0	1	0
       11	2025-03-26 08:37:57	2	0	1	0
       12	2025-03-26 08:40:48	2	0	1	0
       13	2025-03-26 08:50:08	2	0	1	0
       29	2025-03-26 08:51:56	2	0	1	0
       19	2025-03-26 08:55:08	2	0	1	0
       24	2025-03-26 09:00:42	2	0	1	0
       24	2025-03-26 09:00:49	2	0	1	0
       16	2025-03-26 09:00:53	2	0	1	0
       30	2025-03-26 09:03:39	2	0	0	0
       21	2025-03-26 10:00:33	2	0	1	0
       22	2025-03-26 12:10:55	2	0	1	0
       12	2025-03-26 15:05:39	2	0	1	0
       19	2025-03-26 15:14:09	2	0	1	0
        6	2025-03-26 15:18:19	2	0	1	0
        9	2025-03-26 15:21:33	2	0	1	0
        9	2025-03-26 15:21:35	2	0	1	0
        7	2025-03-26 15:23:14	2	0	1	0
       11	2025-03-26 15:23:24	2	0	1	0
       26	2025-03-26 15:23:44	2	0	1	0
       30	2025-03-26 15:24:56	2	0	0	0
       16	2025-03-26 17:09:49	2	0	1	0
       24	2025-03-26 17:09:56	2	0	1	0
       22	2025-03-26 17:10:11	2	0	1	0
       29	2025-03-26 17:10:18	2	0	1	0
       21	2025-03-26 17:13:52	2	0	1	0
       13	2025-03-27 08:20:20	2	0	1	0
       10	2025-03-27 08:20:24	2	0	1	0
        7	2025-03-27 08:20:31	2	0	1	0
        6	2025-03-27 08:20:42	2	0	1	0
       22	2025-03-27 08:20:54	2	0	1	0
       29	2025-03-27 08:20:58	2	0	1	0
       19	2025-03-27 08:23:25	2	0	1	0
       16	2025-03-27 08:23:35	2	0	1	0
       21	2025-03-27 08:31:58	2	0	1	0
       12	2025-03-27 08:33:58	2	0	1	0
       26	2025-03-27 08:34:43	2	0	1	0
       30	2025-03-27 08:46:31	2	0	0	0
       24	2025-03-27 11:39:12	2	0	1	0
        1	2025-03-27 11:50:45	2	0	1	0
        1	2025-03-27 11:51:11	2	0	1	0
        1	2025-03-27 11:51:36	2	0	1	0
        1	2025-03-27 11:52:03	2	0	1	0
        1	2025-03-27 11:57:18	2	0	1	0
       21	2025-04-05 08:16:26	2	0	1	0
       14	2025-04-05 08:16:39	2	0	1	0
        3	2025-04-05 08:17:12	2	0	1	0
       10	2025-04-05 08:17:21	2	0	1	0
       22	2025-04-05 08:17:54	2	0	1	0
       30	2025-04-05 08:18:08	2	0	0	0
       29	2025-04-05 08:18:14	2	0	1	0
       13	2025-04-05 08:18:26	2	0	1	0
       31	2025-04-05 08:19:42	2	0	1	0
       11	2025-04-05 08:24:16	2	0	1	0
       17	2025-04-05 08:25:58	2	0	1	0
       26	2025-04-05 08:56:14	2	0	1	0
       17	2025-04-05 16:48:08	2	0	1	0
       26	2025-04-05 16:57:33	2	0	1	0
       11	2025-04-05 17:07:59	2	0	1	0
       13	2025-04-05 17:08:40	2	0	1	0
       13	2025-04-05 17:08:46	2	0	1	0
       30	2025-04-05 18:05:49	2	0	0	0
       22	2025-04-06 02:22:22	2	0	1	0
        3	2025-04-06 02:26:55	2	0	1	0
       29	2025-04-06 02:26:59	2	0	1	0
       10	2025-04-06 02:27:09	2	0	1	0
       31	2025-04-06 02:27:43	2	0	1	0
       22	2025-04-06 02:28:00	2	0	1	0
        7	2025-04-06 07:58:28	2	0	1	0
       16	2025-04-06 07:59:17	2	0	1	0
       13	2025-04-06 08:03:50	2	0	1	0
       13	2025-04-06 08:03:53	2	0	1	0
       31	2025-04-06 08:05:39	2	0	1	0
       26	2025-04-06 08:05:49	2	0	1	0
        6	2025-04-06 08:17:58	2	0	1	0
       11	2025-04-06 08:19:48	2	0	1	0
        3	2025-04-06 08:21:16	2	0	1	0
       10	2025-04-06 08:21:27	2	0	1	0
       17	2025-04-06 08:42:01	2	0	1	0
       30	2025-04-06 09:22:29	2	0	0	0
        2	2025-04-06 15:27:13	2	0	1	0
       13	2025-04-06 17:04:25	2	0	1	0
       13	2025-04-06 17:04:32	2	0	1	0
       11	2025-04-06 17:04:40	2	0	1	0
       31	2025-04-06 17:06:51	2	0	1	0
       30	2025-04-06 17:11:27	2	0	0	0
       26	2025-04-06 17:14:14	2	0	1	0
        3	2025-04-06 17:52:01	2	0	1	0
       10	2025-04-06 17:52:12	2	0	1	0
       17	2025-04-06 17:57:02	2	0	1	0
       14	2025-04-06 17:57:53	2	0	1	0
       10	2025-04-07 05:15:52	2	0	1	0
       17	2025-04-07 07:46:21	2	0	1	0
       21	2025-04-07 07:56:40	2	0	1	0
       13	2025-04-07 07:57:01	2	0	1	0
        7	2025-04-07 07:59:14	2	0	1	0
       16	2025-04-07 08:03:52	2	0	1	0
       29	2025-04-07 08:05:31	2	0	1	0
       22	2025-04-07 08:06:07	2	0	1	0
       26	2025-04-07 08:06:55	2	0	1	0
       12	2025-04-07 08:13:51	2	0	1	0
       31	2025-04-07 08:17:38	2	0	1	0
        6	2025-04-07 08:26:39	2	0	1	0
       30	2025-04-07 08:28:22	2	0	0	0
       19	2025-04-07 08:37:29	2	0	1	0
       10	2025-04-07 12:55:05	2	0	1	0
       26	2025-04-07 16:59:56	2	0	1	0
       13	2025-04-07 17:00:05	2	0	1	0
       31	2025-04-07 17:00:10	2	0	1	0
       30	2025-04-07 17:03:57	2	0	0	0
       29	2025-04-07 17:06:28	2	0	1	0
        7	2025-04-07 17:07:19	2	0	1	0
       21	2025-04-07 17:08:48	2	0	1	0
       19	2025-04-07 17:13:12	2	0	1	0
       19	2025-04-07 17:23:32	2	0	1	0
       17	2025-04-08 07:38:38	2	0	1	0
       16	2025-04-08 07:49:12	2	0	1	0
       10	2025-04-08 07:50:07	2	0	1	0
       31	2025-04-08 08:00:24	2	0	1	0
        3	2025-04-08 08:08:44	2	0	1	0
       13	2025-04-08 08:08:57	2	0	1	0
       13	2025-04-08 08:08:59	2	0	1	0
       19	2025-04-08 08:11:57	2	0	1	0
       29	2025-04-08 08:12:32	2	0	1	0
       22	2025-04-08 08:12:56	2	0	1	0
       32	2025-04-08 08:13:03	2	0	1	0
        7	2025-04-08 08:13:38	2	0	1	0
       26	2025-04-08 08:14:02	2	0	1	0
        6	2025-04-08 08:22:44	2	0	1	0
       21	2025-04-08 08:34:11	2	0	1	0
       30	2025-04-08 08:43:14	2	0	0	0
       11	2025-04-08 09:04:18	2	0	1	0
       10	2025-04-08 12:42:07	2	0	1	0
       10	2025-04-08 12:43:24	2	0	1	0
        7	2025-04-08 17:06:20	2	0	1	0
       13	2025-04-08 17:14:15	2	0	1	0
       13	2025-04-08 17:14:20	2	0	1	0
       26	2025-04-08 17:23:44	2	0	1	0
       29	2025-04-08 17:27:37	2	0	1	0
       32	2025-04-08 17:32:03	2	0	1	0
       21	2025-04-08 17:33:11	2	0	1	0
       11	2025-04-08 17:36:51	2	0	1	0
       13	2025-04-08 23:14:05	2	0	1	0
       13	2025-04-08 23:14:10	2	0	1	0
        3	2025-04-08 23:25:28	2	0	1	0
       26	2025-04-08 23:26:03	2	0	1	0
       19	2025-04-08 23:27:03	2	0	1	0
       17	2025-04-09 01:31:28	2	0	1	0
       10	2025-04-09 05:33:31	2	0	1	0
       16	2025-04-09 07:19:46	2	0	1	0
       31	2025-04-09 07:54:22	2	0	1	0
       19	2025-04-09 07:57:46	2	0	1	0
       29	2025-04-09 07:57:50	2	0	1	0
       32	2025-04-09 07:58:10	2	0	1	0
       26	2025-04-09 08:01:59	2	0	1	0
       13	2025-04-09 08:07:10	2	0	1	0
       13	2025-04-09 08:07:13	2	0	1	0
        6	2025-04-09 08:12:52	2	0	1	0
        3	2025-04-09 08:13:26	2	0	1	0
       12	2025-04-09 08:14:35	2	0	1	0
       21	2025-04-09 08:30:57	2	0	1	0
       30	2025-04-09 09:56:43	2	0	0	0
       17	2025-04-09 11:41:09	2	0	1	0
       10	2025-04-09 12:48:04	2	0	1	0
        2	2025-04-09 12:52:45	2	0	1	0
       12	2025-04-09 16:58:38	2	0	1	0
        3	2025-04-09 17:00:07	2	0	1	0
       13	2025-04-09 17:04:23	2	0	1	0
       13	2025-04-09 17:04:25	2	0	1	0
       13	2025-04-09 17:04:28	2	0	1	0
       13	2025-04-09 17:04:31	2	0	1	0
       13	2025-04-09 17:04:40	2	0	1	0
       13	2025-04-09 17:04:46	2	0	1	0
       32	2025-04-09 17:05:31	2	0	1	0
       19	2025-04-09 17:05:50	2	0	1	0
       21	2025-04-09 17:08:13	2	0	1	0
       31	2025-04-09 17:33:35	2	0	1	0
       26	2025-04-09 18:10:44	2	0	1	0
        2	2025-04-09 19:19:26	2	0	1	0
       10	2025-04-10 06:05:43	2	0	1	0
       19	2025-04-10 07:51:37	2	0	1	0
       19	2025-04-10 07:51:42	2	0	1	0
       26	2025-04-10 07:57:03	2	0	1	0
       13	2025-04-10 08:05:06	2	0	1	0
       13	2025-04-10 08:05:12	2	0	1	0
       32	2025-04-10 08:06:06	2	0	1	0
       33	2025-04-10 08:07:38	2	0	1	0
       21	2025-04-10 08:07:42	2	0	1	0
        3	2025-04-10 08:11:26	2	0	1	0
       31	2025-04-10 08:12:02	2	0	1	0
        6	2025-04-10 08:16:46	2	0	1	0
        7	2025-04-10 08:17:51	2	0	1	0
       12	2025-04-10 08:23:35	2	0	1	0
       11	2025-04-10 08:25:00	2	0	1	0
       17	2025-04-10 11:11:28	2	0	1	0
       10	2025-04-10 13:06:42	2	0	1	0
       13	2025-04-10 17:14:41	2	0	1	0
       13	2025-04-10 17:14:44	2	0	1	0
       12	2025-04-10 17:52:34	2	0	1	0
       33	2025-04-10 18:31:27	2	0	1	0
       21	2025-04-10 18:32:02	2	0	1	0
       19	2025-04-10 18:32:47	2	0	1	0
       10	2025-04-12 05:26:47	2	0	1	0
       17	2025-04-12 07:57:39	2	0	1	0
       13	2025-04-12 08:01:51	2	0	1	0
       13	2025-04-12 08:01:53	2	0	1	0
       26	2025-04-12 08:02:10	2	0	1	0
       29	2025-04-12 08:17:27	2	0	1	0
       12	2025-04-12 08:19:38	2	0	1	0
        6	2025-04-12 08:21:43	2	0	1	0
       33	2025-04-12 08:30:27	2	0	1	0
       11	2025-04-12 08:38:07	2	0	1	0
       21	2025-04-12 09:15:14	2	0	1	0
        7	2025-04-12 09:44:48	2	0	1	0
       24	2025-04-12 09:56:56	2	0	1	0
       24	2025-04-12 09:58:58	2	0	1	0
       12	2025-04-12 17:11:37	2	0	1	0
       29	2025-04-12 17:11:41	2	0	1	0
       13	2025-04-12 17:13:27	2	0	1	0
       13	2025-04-12 17:13:31	2	0	1	0
       13	2025-04-12 17:13:36	2	0	1	0
       11	2025-04-12 17:13:53	2	0	1	0
       24	2025-04-12 17:20:46	2	0	1	0
       26	2025-04-12 17:24:51	2	0	1	0
       17	2025-04-12 17:33:41	2	0	1	0
       13	2025-04-13 08:07:46	2	0	1	0
       13	2025-04-13 08:07:48	2	0	1	0
       21	2025-04-13 08:07:55	2	0	1	0
       26	2025-04-13 08:08:08	2	0	1	0
       17	2025-04-13 08:08:21	2	0	1	0
        7	2025-04-13 08:11:13	2	0	1	0
       29	2025-04-13 08:12:56	2	0	1	0
       10	2025-04-13 08:14:40	2	0	1	0
       12	2025-04-13 08:23:57	2	0	1	0
        6	2025-04-13 08:26:49	2	0	1	0
       18	2025-04-13 10:55:26	2	0	0	0
       12	2025-04-13 17:10:16	2	0	1	0
       10	2025-04-13 17:17:20	2	0	1	0
       13	2025-04-13 17:34:43	2	0	1	0
       26	2025-04-13 17:35:32	2	0	1	0
       17	2025-04-13 17:44:33	2	0	1	0
        7	2025-04-13 17:44:44	2	0	1	0
        6	2025-04-13 17:45:13	2	0	1	0
       21	2025-04-13 17:49:25	2	0	1	0
       29	2025-04-13 17:50:10	2	0	1	0
       18	2025-04-13 17:52:14	2	0	0	0
       10	2025-04-14 05:32:58	2	0	1	0
       21	2025-04-14 07:47:43	2	0	1	0
       33	2025-04-14 07:47:47	2	0	1	0
        7	2025-04-14 07:59:54	2	0	1	0
       13	2025-04-14 08:09:15	2	0	1	0
       13	2025-04-14 08:09:22	2	0	1	0
       29	2025-04-14 08:13:02	2	0	1	0
       26	2025-04-14 08:13:13	2	0	1	0
        6	2025-04-14 08:22:37	2	0	1	0
       11	2025-04-14 08:23:12	2	0	1	0
       18	2025-04-14 08:45:20	2	0	0	0
       17	2025-04-14 09:31:52	2	0	1	0
       17	2025-04-14 17:49:17	2	0	1	0
       12	2025-04-14 18:35:09	2	0	1	0
       12	2025-04-14 18:36:09	2	0	1	0
       29	2025-04-14 20:32:57	2	0	1	0
       18	2025-04-14 23:08:33	2	0	0	0
        6	2025-04-14 23:12:42	2	0	1	0
       21	2025-04-14 23:28:42	2	0	1	0
       33	2025-04-14 23:28:47	2	0	1	0
       13	2025-04-14 23:28:54	2	0	1	0
       13	2025-04-14 23:29:03	2	0	1	0
       11	2025-04-14 23:29:09	2	0	1	0
       10	2025-04-15 08:17:19	2	0	1	0
       13	2025-04-15 08:18:00	2	0	1	0
       13	2025-04-15 08:18:34	2	0	1	0
        7	2025-04-15 08:21:27	2	0	1	0
        6	2025-04-15 08:22:26	2	0	1	0
       26	2025-04-15 08:34:44	2	0	1	0
       12	2025-04-15 08:39:20	2	0	1	0
       18	2025-04-15 08:53:37	2	0	0	0
       33	2025-04-15 08:55:44	2	0	1	0
       17	2025-04-15 10:37:13	2	0	1	0
       18	2025-04-15 12:59:14	2	0	0	0
        6	2025-04-15 17:00:09	2	0	1	0
       12	2025-04-15 17:00:28	2	0	1	0
       13	2025-04-15 18:18:11	2	0	1	0
       13	2025-04-15 18:18:15	2	0	1	0
       26	2025-04-15 18:18:29	2	0	1	0
       16	2025-04-15 18:21:29	2	0	1	0
       17	2025-04-15 18:36:41	2	0	1	0
       10	2025-04-15 19:25:01	2	0	1	0
       29	2025-04-16 07:49:45	2	0	1	0
       18	2025-04-16 07:54:01	2	0	0	0
       13	2025-04-16 08:01:59	2	0	1	0
       13	2025-04-16 08:02:02	2	0	1	0
       26	2025-04-16 08:06:39	2	0	1	0
        3	2025-04-16 08:12:17	2	0	1	0
       10	2025-04-16 08:12:35	2	0	1	0
       16	2025-04-16 08:15:57	2	0	1	0
       33	2025-04-16 08:16:32	2	0	1	0
       21	2025-04-16 08:16:37	2	0	1	0
        7	2025-04-16 08:22:16	2	0	1	0
        6	2025-04-16 08:22:32	2	0	1	0
       24	2025-04-16 08:25:27	2	0	1	0
       17	2025-04-16 08:42:33	2	0	1	0
       17	2025-04-16 08:42:56	2	0	1	0
       16	2025-04-16 16:30:23	2	0	1	0
        3	2025-04-16 17:24:11	2	0	1	0
        7	2025-04-16 17:26:01	2	0	1	0
       18	2025-04-16 17:27:11	2	0	0	0
       29	2025-04-16 17:28:34	2	0	1	0
       13	2025-04-16 17:28:52	2	0	1	0
       13	2025-04-16 17:28:59	2	0	1	0
       24	2025-04-16 17:59:29	2	0	1	0
        6	2025-04-16 18:03:47	2	0	1	0
       17	2025-04-16 18:05:23	2	0	1	0
       10	2025-04-16 22:00:39	2	0	1	0
       10	2025-04-16 22:03:34	2	0	1	0
       13	2025-04-17 07:45:21	2	0	1	0
       13	2025-04-17 07:45:24	2	0	1	0
       29	2025-04-17 08:00:40	2	0	1	0
        3	2025-04-17 08:07:44	2	0	1	0
       10	2025-04-17 08:07:51	2	0	1	0
       12	2025-04-17 08:08:12	2	0	1	0
        7	2025-04-17 08:10:02	2	0	1	0
       18	2025-04-17 08:14:44	2	0	0	0
       33	2025-04-17 08:37:27	2	0	1	0
       19	2025-04-17 11:57:33	2	0	1	0
       13	2025-04-17 17:55:27	2	0	1	0
       13	2025-04-17 17:55:29	2	0	1	0
       33	2025-04-17 19:19:07	2	0	1	0
        4	2025-04-19 08:08:44	2	0	1	0
        7	2025-04-19 08:11:02	2	0	1	0
        6	2025-04-19 08:13:10	2	0	1	0
       18	2025-04-19 08:15:45	2	0	0	0
       28	2025-04-19 08:15:59	2	0	1	0
        3	2025-04-19 08:17:24	2	0	1	0
       10	2025-04-19 08:17:29	2	0	1	0
       13	2025-04-19 08:18:28	2	0	1	0
       13	2025-04-19 08:18:33	2	0	1	0
       12	2025-04-19 08:27:27	2	0	1	0
       17	2025-04-19 08:27:35	2	0	1	0
       29	2025-04-19 08:37:29	2	0	1	0
       11	2025-04-19 09:00:31	2	0	1	0
       24	2025-04-19 09:11:36	2	0	1	0
       29	2025-04-19 12:07:13	2	0	1	0
        7	2025-04-19 13:48:41	2	0	1	0
       28	2025-04-19 14:27:03	2	0	1	0
       12	2025-04-19 17:47:21	2	0	1	0
        6	2025-04-19 17:58:04	2	0	1	0
        6	2025-04-19 18:00:15	2	0	1	0
        3	2025-04-19 18:13:42	2	0	1	0
        4	2025-04-19 19:00:35	2	0	1	0
       13	2025-04-19 19:31:14	2	0	1	0
       13	2025-04-19 19:31:16	2	0	1	0
       18	2025-04-19 20:00:13	2	0	0	0
       10	2025-04-19 20:00:25	2	0	1	0
       24	2025-04-19 20:00:29	2	0	1	0
        4	2025-04-20 07:30:55	2	0	1	0
       24	2025-04-20 07:42:08	2	0	1	0
        7	2025-04-20 08:02:43	2	0	1	0
       16	2025-04-20 08:04:44	2	0	1	0
       19	2025-04-20 08:04:57	2	0	1	0
       13	2025-04-20 08:05:14	2	0	1	0
       13	2025-04-20 08:05:16	2	0	1	0
       28	2025-04-20 08:12:24	2	0	1	0
        3	2025-04-20 08:12:44	2	0	1	0
       10	2025-04-20 08:12:49	2	0	1	0
        6	2025-04-20 08:13:54	2	0	1	0
       18	2025-04-20 08:16:36	2	0	0	0
       29	2025-04-20 08:24:02	2	0	1	0
       21	2025-04-20 08:24:07	2	0	1	0
       33	2025-04-20 08:24:12	2	0	1	0
       22	2025-04-20 08:24:23	2	0	1	0
       12	2025-04-20 08:26:08	2	0	1	0
       26	2025-04-20 08:29:43	2	0	1	0
       11	2025-04-20 08:46:48	2	0	1	0
       26	2025-04-20 16:48:20	2	0	1	0
        6	2025-04-20 16:59:57	2	0	1	0
       13	2025-04-20 17:01:50	2	0	1	0
       13	2025-04-20 17:01:53	2	0	1	0
       13	2025-04-20 17:01:57	2	0	1	0
        4	2025-04-20 17:33:11	2	0	1	0
        3	2025-04-20 18:49:52	2	0	1	0
       24	2025-04-20 21:06:06	2	0	1	0
       10	2025-04-20 21:18:15	2	0	1	0
       33	2025-04-20 21:19:39	2	0	1	0
       19	2025-04-20 21:24:34	2	0	1	0
        7	2025-04-20 21:24:41	2	0	1	0
       21	2025-04-20 21:24:57	2	0	1	0
       17	2025-04-20 21:28:42	2	0	1	0
        4	2025-04-21 07:06:42	2	0	1	0
       21	2025-04-21 07:53:26	2	0	1	0
       10	2025-04-21 08:01:50	2	0	1	0
        3	2025-04-21 08:01:56	2	0	1	0
       29	2025-04-21 08:02:59	2	0	1	0
       16	2025-04-21 08:03:38	2	0	0	0
       26	2025-04-21 08:03:44	2	0	1	0
       18	2025-04-21 08:06:06	2	0	0	0
        7	2025-04-21 08:06:15	2	0	1	0
        6	2025-04-21 08:06:34	2	0	1	0
       22	2025-04-21 08:07:56	2	0	1	0
       13	2025-04-21 08:08:18	2	0	1	0
       13	2025-04-21 08:08:21	2	0	1	0
       33	2025-04-21 08:16:18	2	0	1	0
       28	2025-04-21 08:18:09	2	0	1	0
       17	2025-04-21 09:03:25	2	0	1	0
       20	2025-04-21 09:40:47	2	0	1	0
        3	2025-04-21 10:13:02	2	0	1	0
       28	2025-04-21 13:17:49	2	0	1	0
       10	2025-04-21 16:59:50	2	0	1	0
        7	2025-04-21 17:04:23	2	0	1	0
       18	2025-04-21 17:06:49	2	0	0	0
       19	2025-04-21 17:08:30	2	0	1	0
       29	2025-04-21 17:10:28	2	0	1	0
       17	2025-04-21 17:23:44	2	0	1	0
        4	2025-04-21 17:23:51	2	0	1	0
       20	2025-04-21 17:33:55	2	0	1	0
       13	2025-04-21 17:53:50	2	0	1	0
       13	2025-04-21 17:54:00	2	0	1	0
        6	2025-04-21 17:55:00	2	0	1	0
        7	2025-04-21 17:56:11	2	0	1	0
       16	2025-04-22 07:55:37	2	0	1	0
       13	2025-04-22 07:55:41	2	0	1	0
       21	2025-04-22 07:55:49	2	0	1	0
       19	2025-04-22 07:56:23	2	0	1	0
        4	2025-04-22 07:58:54	2	0	1	0
        6	2025-04-22 08:04:01	2	0	1	0
       26	2025-04-22 08:09:37	2	0	1	0
       18	2025-04-22 08:16:40	2	0	0	0
        3	2025-04-22 08:20:52	2	0	1	0
       12	2025-04-22 08:21:02	2	0	1	0
       33	2025-04-22 08:21:05	2	0	1	0
       10	2025-04-22 08:21:10	2	0	1	0
        7	2025-04-22 08:24:45	2	0	1	0
       29	2025-04-22 08:35:51	2	0	1	0
       22	2025-04-22 08:36:09	2	0	1	0
       30	2025-04-22 09:14:22	2	0	1	0
       20	2025-04-22 09:22:05	2	0	1	0
        6	2025-04-22 16:56:39	2	0	1	0
       26	2025-04-22 16:56:59	2	0	1	0
        3	2025-04-22 17:00:30	2	0	1	0
       29	2025-04-22 17:00:35	2	0	1	0
       13	2025-04-22 17:00:46	2	0	1	0
       10	2025-04-22 17:01:16	2	0	1	0
        7	2025-04-22 17:12:38	2	0	1	0
       30	2025-04-22 17:15:11	2	0	1	0
        4	2025-04-22 17:18:41	2	0	1	0
       17	2025-04-22 17:21:23	2	0	1	0
       19	2025-04-22 17:24:53	2	0	1	0
       20	2025-04-22 17:27:38	2	0	1	0
       33	2025-04-22 17:31:31	2	0	1	0
       21	2025-04-22 17:31:39	2	0	1	0
        4	2025-04-23 07:15:13	2	0	1	0
       17	2025-04-23 07:18:49	2	0	1	0
       13	2025-04-23 08:00:26	2	0	1	0
       13	2025-04-23 08:00:32	2	0	1	0
        6	2025-04-23 08:07:58	2	0	1	0
        7	2025-04-23 08:08:02	2	0	1	0
       21	2025-04-23 08:09:35	2	0	1	0
       33	2025-04-23 08:09:39	2	0	1	0
       26	2025-04-23 08:09:44	2	0	1	0
        3	2025-04-23 08:14:41	2	0	1	0
       10	2025-04-23 08:14:59	2	0	1	0
       18	2025-04-23 08:19:23	2	0	0	0
       11	2025-04-23 08:37:38	2	0	1	0
       16	2025-04-23 08:39:06	2	0	1	0
       29	2025-04-23 08:39:11	2	0	1	0
       22	2025-04-23 08:39:25	2	0	1	0
       30	2025-04-23 09:34:08	2	0	1	0
       20	2025-04-23 09:41:48	2	0	1	0
       22	2025-04-23 16:29:43	2	0	1	0
       30	2025-04-23 16:50:20	2	0	1	0
        3	2025-04-23 16:57:45	2	0	1	0
       10	2025-04-23 16:59:16	2	0	1	0
       26	2025-04-23 17:00:33	2	0	1	0
        6	2025-04-23 17:01:11	2	0	1	0
       13	2025-04-23 17:04:18	2	0	1	0
       13	2025-04-23 17:04:21	2	0	1	0
        7	2025-04-23 17:05:13	2	0	1	0
       18	2025-04-23 17:06:16	2	0	0	0
       11	2025-04-23 17:10:58	2	0	1	0
       29	2025-04-23 17:13:59	2	0	1	0
       21	2025-04-23 17:18:07	2	0	1	0
       33	2025-04-23 17:18:11	2	0	1	0
       20	2025-04-23 17:23:14	2	0	1	0
        4	2025-04-24 07:50:11	2	0	1	0
       17	2025-04-24 07:51:02	2	0	1	0
       26	2025-04-24 07:54:30	2	0	1	0
       16	2025-04-24 07:56:11	2	0	1	0
       33	2025-04-24 08:00:36	2	0	1	0
       21	2025-04-24 08:00:43	2	0	1	0
       18	2025-04-24 08:02:53	2	0	0	0
       19	2025-04-24 08:06:10	2	0	1	0
        3	2025-04-24 08:12:35	2	0	1	0
       10	2025-04-24 08:12:49	2	0	1	0
        6	2025-04-24 08:16:32	2	0	1	0
        7	2025-04-24 08:16:39	2	0	1	0
       13	2025-04-24 08:21:39	2	0	1	0
       22	2025-04-24 08:39:36	2	0	1	0
       29	2025-04-24 08:39:40	2	0	1	0
       30	2025-04-24 09:44:22	2	0	1	0
       20	2025-04-24 10:39:33	2	0	1	0
       11	2025-04-24 10:45:27	2	0	1	0
       21	2025-04-24 17:15:49	2	0	1	0
       11	2025-04-24 17:25:33	2	0	1	0
       17	2025-04-24 17:26:02	2	0	1	0
        3	2025-04-24 17:26:14	2	0	1	0
       10	2025-04-24 17:28:05	2	0	1	0
       13	2025-04-24 17:28:23	2	0	1	0
        4	2025-04-24 17:38:10	2	0	1	0
       30	2025-04-24 17:49:05	2	0	1	0
       29	2025-04-24 18:32:48	2	0	1	0
       26	2025-04-26 07:08:58	2	0	1	0
       24	2025-04-26 07:11:58	2	0	1	0
       13	2025-04-26 07:12:10	2	0	1	0
        7	2025-04-26 07:12:25	2	0	1	0
        6	2025-04-26 07:19:04	2	0	1	0
       17	2025-04-26 07:25:12	2	0	1	0
        3	2025-04-26 07:26:10	2	0	1	0
       10	2025-04-26 07:26:17	2	0	1	0
       16	2025-04-26 08:04:42	2	0	1	0
       11	2025-04-26 08:17:00	2	0	1	0
       30	2025-04-26 08:44:34	2	0	1	0
        4	2025-04-26 11:53:54	2	0	1	0
       20	2025-04-26 12:26:05	2	0	1	0
       26	2025-04-26 16:04:22	2	0	1	0
       13	2025-04-26 16:06:34	2	0	1	0
       13	2025-04-26 16:06:36	2	0	1	0
       13	2025-04-26 16:06:38	2	0	1	0
       10	2025-04-26 16:07:09	2	0	1	0
       11	2025-04-26 16:09:54	2	0	1	0
        4	2025-04-26 16:33:56	2	0	1	0
       20	2025-04-26 18:17:49	2	0	1	0
       19	2025-04-27 06:56:38	2	0	1	0
       29	2025-04-27 07:03:06	2	0	1	0
       16	2025-04-27 07:03:10	2	0	1	0
       22	2025-04-27 07:03:44	2	0	1	0
        6	2025-04-27 07:11:52	2	0	1	0
       24	2025-04-27 07:23:59	2	0	1	0
       13	2025-04-27 07:31:04	2	0	1	0
       13	2025-04-27 07:31:08	2	0	1	0
       13	2025-04-27 07:31:11	2	0	1	0
       17	2025-04-27 07:50:44	2	0	1	0
        7	2025-04-27 07:57:52	2	0	1	0
       26	2025-04-27 08:13:53	2	0	1	0
        3	2025-04-27 08:17:27	2	0	1	0
       10	2025-04-27 08:17:31	2	0	1	0
       30	2025-04-27 08:27:12	2	0	1	0
       21	2025-04-27 09:02:48	2	0	1	0
       20	2025-04-27 14:16:17	2	0	1	0
        6	2025-04-27 15:58:04	2	0	1	0
       22	2025-04-27 17:01:24	2	0	1	0
       13	2025-04-27 17:08:14	2	0	1	0
       13	2025-04-27 17:08:16	2	0	1	0
        7	2025-04-27 17:16:57	2	0	1	0
        4	2025-04-27 17:26:16	2	0	1	0
       17	2025-04-27 17:32:10	2	0	1	0
        3	2025-04-27 19:15:32	2	0	1	0
       10	2025-04-27 19:15:38	2	0	1	0
       30	2025-04-27 22:48:11	2	0	1	0
       20	2025-04-27 22:51:35	2	0	1	0
        7	2025-04-28 07:46:06	2	0	1	0
        7	2025-04-28 07:46:13	2	0	1	0
       13	2025-04-28 07:54:45	2	0	1	0
       13	2025-04-28 07:54:47	2	0	1	0
        6	2025-04-28 08:04:07	2	0	1	0
        6	2025-04-28 08:04:12	2	0	1	0
       17	2025-04-28 08:04:26	2	0	1	0
        4	2025-04-28 08:04:36	2	0	1	0
       11	2025-04-28 08:07:28	2	0	1	0
        3	2025-04-28 08:12:25	2	0	1	0
       10	2025-04-28 08:12:35	2	0	1	0
       26	2025-04-28 08:26:31	2	0	1	0
       30	2025-04-28 09:41:32	2	0	1	0
       33	2025-04-28 11:37:45	2	0	1	0
       21	2025-04-28 11:37:52	2	0	1	0
        3	2025-04-28 17:07:42	2	0	1	0
       10	2025-04-28 17:10:02	2	0	1	0
        6	2025-04-28 17:13:23	2	0	1	0
        7	2025-04-28 17:14:24	2	0	1	0
       29	2025-04-28 17:14:55	2	0	1	0
       19	2025-04-28 17:14:58	2	0	1	0
       24	2025-04-28 17:15:03	2	0	1	0
       13	2025-04-28 17:15:13	2	0	1	0
        6	2025-04-28 17:15:17	2	0	1	0
       13	2025-04-28 17:15:23	2	0	1	0
       13	2025-04-28 17:15:26	2	0	1	0
        4	2025-04-28 18:52:17	2	0	1	0
       17	2025-04-28 18:52:52	2	0	1	0
       33	2025-04-29 00:07:42	2	0	1	0
       20	2025-04-29 03:05:17	2	0	1	0
       18	2025-04-29 07:06:15	2	0	0	0
        7	2025-04-29 08:01:35	2	0	1	0
       13	2025-04-29 08:02:17	2	0	1	0
       13	2025-04-29 08:02:23	2	0	1	0
       10	2025-04-29 08:04:36	2	0	1	0
        4	2025-04-29 08:05:26	2	0	1	0
       26	2025-04-29 08:06:03	2	0	1	0
       29	2025-04-29 08:06:12	2	0	1	0
       17	2025-04-29 08:06:16	2	0	1	0
        6	2025-04-29 08:12:01	2	0	1	0
        6	2025-04-29 08:12:03	2	0	1	0
       33	2025-04-29 09:09:40	2	0	1	0
       20	2025-04-29 09:09:49	2	0	1	0
       30	2025-04-29 10:05:20	2	0	1	0
        6	2025-04-29 17:00:08	2	0	1	0
       13	2025-04-29 17:28:57	2	0	1	0
       13	2025-04-29 17:29:09	2	0	1	0
       33	2025-04-29 17:29:15	2	0	1	0
       18	2025-04-29 18:20:08	2	0	0	0
       21	2025-04-29 18:20:58	2	0	1	0
        7	2025-04-29 18:34:35	2	0	1	0
       10	2025-04-29 19:08:20	2	0	1	0
       17	2025-04-29 23:49:13	2	0	1	0
        4	2025-04-29 23:50:35	2	0	1	0
       22	2025-04-30 07:29:49	2	0	1	0
       13	2025-04-30 07:38:08	2	0	1	0
       13	2025-04-30 07:38:13	2	0	1	0
       13	2025-04-30 07:38:28	2	0	1	0
       11	2025-04-30 07:51:32	2	0	1	0
        7	2025-04-30 07:58:50	2	0	1	0
        7	2025-04-30 07:58:52	2	0	1	0
        7	2025-04-30 07:59:16	2	0	1	0
       26	2025-04-30 08:00:42	2	0	1	0
        6	2025-04-30 08:05:17	2	0	1	0
        3	2025-04-30 08:15:41	2	0	1	0
       10	2025-04-30 08:15:45	2	0	1	0
       21	2025-04-30 08:18:56	2	0	1	0
       33	2025-04-30 08:22:01	2	0	1	0
       30	2025-04-30 09:10:39	2	0	1	0
       17	2025-04-30 09:51:11	2	0	1	0
        4	2025-04-30 09:53:15	2	0	1	0
       26	2025-04-30 17:01:19	2	0	1	0
       13	2025-04-30 17:04:31	2	0	1	0
       13	2025-04-30 17:04:35	2	0	1	0
       22	2025-04-30 17:04:43	2	0	1	0
        7	2025-04-30 17:25:50	2	0	1	0
        6	2025-04-30 17:28:46	2	0	1	0
       17	2025-04-30 17:50:30	2	0	1	0
        4	2025-04-30 17:50:58	2	0	1	0
        3	2025-04-30 21:31:13	2	0	1	0
       10	2025-04-30 21:31:42	2	0	1	0
       20	2025-04-30 22:02:23	2	0	1	0
       18	2025-05-01 07:50:25	2	0	0	0
       22	2025-05-01 07:50:34	2	0	1	0
       13	2025-05-01 07:50:47	2	0	1	0
       19	2025-05-01 07:50:54	2	0	1	0
       26	2025-05-01 07:51:00	2	0	1	0
        7	2025-05-01 07:59:34	2	0	1	0
       11	2025-05-01 08:10:11	2	0	1	0
        3	2025-05-01 08:13:16	2	0	1	0
       10	2025-05-01 08:13:22	2	0	1	0
        6	2025-05-01 08:21:33	2	0	1	0
       30	2025-05-01 09:18:47	2	0	1	0
        4	2025-05-01 10:49:51	2	0	1	0
       20	2025-05-01 11:38:50	2	0	1	0
        4	2025-05-03 08:50:59	2	0	1	0
       29	2025-05-03 08:51:16	2	0	1	0
       17	2025-05-03 08:55:54	2	0	1	0
       18	2025-05-03 08:56:35	2	0	0	0
       13	2025-05-03 09:00:23	2	0	1	0
       13	2025-05-03 09:00:28	2	0	1	0
       30	2025-05-03 09:09:02	2	0	1	0
       34	2025-05-03 09:09:18	2	0	1	0
        6	2025-05-03 09:10:11	2	0	1	0
       10	2025-05-03 09:10:23	2	0	1	0
        7	2025-05-03 09:11:46	2	0	1	0
       21	2025-05-03 09:17:46	2	0	1	0
       11	2025-05-03 09:30:57	2	0	1	0
       33	2025-05-03 09:31:00	2	0	1	0
       18	2025-05-03 14:01:56	2	0	0	0
       18	2025-05-03 14:02:13	2	0	0	0
       37	2025-05-03 17:58:18	2	0	1	0
       29	2025-05-03 18:16:26	2	0	1	0
       17	2025-05-03 20:25:19	2	0	1	0
        4	2025-05-03 20:29:34	2	0	1	0
       21	2025-05-03 21:43:12	2	0	1	0
       20	2025-05-03 21:54:27	2	0	1	0
       36	2025-05-03 22:08:58	2	0	1	0
       11	2025-05-03 23:57:50	2	0	1	0
       13	2025-05-03 23:57:59	2	0	1	0
       33	2025-05-03 23:58:21	2	0	1	0
        2	2025-05-04 00:06:02	2	0	1	0
        7	2025-05-04 00:28:27	2	0	1	0
       30	2025-05-04 00:32:41	2	0	1	0
       18	2025-05-04 08:56:03	2	0	0	0
       13	2025-05-04 09:00:21	2	0	1	0
       13	2025-05-04 09:00:26	2	0	1	0
       37	2025-05-04 09:00:36	2	0	1	0
        7	2025-05-04 09:11:14	2	0	1	0
        4	2025-05-04 09:12:49	2	0	1	0
       17	2025-05-04 09:13:04	2	0	1	0
       34	2025-05-04 09:15:34	2	0	1	0
       11	2025-05-04 09:24:18	2	0	1	0
       30	2025-05-04 10:24:39	2	0	1	0
        6	2025-05-04 10:54:21	2	0	1	0
       20	2025-05-04 11:35:49	2	0	1	0
       36	2025-05-04 12:28:47	2	0	1	0
       18	2025-05-04 21:11:24	2	0	0	0
        6	2025-05-04 22:12:31	2	0	1	0
        4	2025-05-04 22:14:27	2	0	1	0
       36	2025-05-04 22:55:52	2	0	1	0
       20	2025-05-04 23:19:17	2	0	1	0
       11	2025-05-04 23:37:22	2	0	1	0
        7	2025-05-04 23:46:54	2	0	1	0
        7	2025-05-04 23:47:01	2	0	1	0
       13	2025-05-04 23:53:48	2	0	1	0
       13	2025-05-04 23:53:50	2	0	1	0
       34	2025-05-04 23:59:35	2	0	1	0
       30	2025-05-04 23:59:44	2	0	1	0
       29	2025-05-05 08:31:19	2	0	1	0
       19	2025-05-05 08:31:22	2	0	1	0
        4	2025-05-05 08:35:51	2	0	1	0
       10	2025-05-05 08:41:59	2	0	1	0
       18	2025-05-05 08:43:48	2	0	0	0
       21	2025-05-05 08:47:15	2	0	1	0
        7	2025-05-05 08:56:57	2	0	1	0
        7	2025-05-05 08:56:59	2	0	1	0
       13	2025-05-05 09:01:16	2	0	1	0
       37	2025-05-05 09:04:59	2	0	1	0
       34	2025-05-05 09:08:29	2	0	1	0
        3	2025-05-05 09:09:00	2	0	1	0
       16	2025-05-05 09:20:09	2	0	1	0
       16	2025-05-05 09:20:14	2	0	1	0
       22	2025-05-05 09:28:52	2	0	1	0
       26	2025-05-05 09:33:54	2	0	1	0
       33	2025-05-05 09:50:06	2	0	1	0
        6	2025-05-05 10:02:03	2	0	1	0
       36	2025-05-05 10:18:38	2	0	1	0
       17	2025-05-05 10:27:40	2	0	1	0
       20	2025-05-05 10:55:07	2	0	1	0
       30	2025-05-05 11:37:17	2	0	1	0
       35	2025-05-05 11:43:57	2	0	1	0
       35	2025-05-05 11:44:03	2	0	1	0
